0 0.36865234375 0.10416666666666666 0.0263671875 0.04427083333333333
0 0.375 0.16536458333333331 0.025390625 0.049479166666666664
0 0.330078125 0.1796875 0.02734375 0.046875
0 0.29248046875 0.24674479166666666 0.0361328125 0.06380208333333333
0 0.32861328125 0.2649739583333333 0.0283203125 0.045572916666666664
0 0.396484375 0.23502604166666666 0.03125 0.05598958333333333
0 0.4521484375 0.17903645833333331 0.021484375 0.04036458333333333
0 0.4970703125 0.17057291666666666 0.02734375 0.046875
0 0.4833984375 0.2265625 0.029296875 0.049479166666666664
0 0.4345703125 0.24739583333333331 0.0390625 0.06510416666666666
0 0.56591796875 0.21223958333333331 0.0263671875 0.04427083333333333
0 0.56103515625 0.18229166666666666 0.0224609375 0.0390625
0 0.607421875 0.1640625 0.0234375 0.046875
0 0.63916015625 0.16471354166666666 0.0263671875 0.05078125
0 0.6416015625 0.23502604166666666 0.029296875 0.05078125
0 0.6025390625 0.28776041666666663 0.025390625 0.049479166666666664
0 0.67529296875 0.30078125 0.0341796875 0.0625
0 0.537109375 0.328125 0.0390625 0.06770833333333333
0 0.5615234375 0.4095052083333333 0.0390625 0.06901041666666666
0 0.6669921875 0.39127604166666663 0.037109375 0.061197916666666664
0 0.73095703125 0.3828125 0.0361328125 0.06510416666666666
0 0.38916015625 0.42057291666666663 0.0361328125 0.0625
0 0.21044921875 0.4212239583333333 0.0439453125 0.08203125
0 0.24072265625 0.2923177083333333 0.0419921875 0.08203125
0 0.63623046875 0.46484375 0.0419921875 0.0703125
0 0.7548828125 0.4505208333333333 0.0390625 0.0703125
0 0.83056640625 0.443359375 0.0419921875 0.07421875
