0 0.0986328125 0.4001264222503161 0.03515625 0.05183312262958281
0 0.138671875 0.3836915297092289 0.025390625 0.039190897597977246
0 0.1953125 0.40897597977244 0.025390625 0.039190897597977246
0 0.212890625 0.38621997471555 0.01953125 0.034134007585335024
0 0.25146484375 0.4083438685208597 0.0244140625 0.03286978508217447
0 0.27392578125 0.40139064475347663 0.0205078125 0.034134007585335024
0 0.310546875 0.3761061946902655 0.01953125 0.034134007585335024
0 0.31689453125 0.4235145385587864 0.0224609375 0.040455120101137804
0 0.35498046875 0.3874841972187105 0.0224609375 0.03666245259165613
0 0.40576171875 0.4007585335018964 0.0224609375 0.040455120101137804
0 0.41552734375 0.3792667509481669 0.0185546875 0.030341340075853353
0 0.44384765625 0.40455120101137804 0.0185546875 0.030341340075853353
0 0.486328125 0.4032869785082175 0.017578125 0.030341340075853353
0 0.52294921875 0.39064475347661193 0.0185546875 0.02781289506953224
0 0.52587890625 0.42730720606826805 0.0185546875 0.03286978508217447
0 0.552734375 0.4146649810366625 0.017578125 0.03286978508217447
0 0.55517578125 0.49620733249051835 0.0205078125 0.034134007585335024
0 0.47900390625 0.49367888748419725 0.0224609375 0.03666245259165613
0 0.40087890625 0.5050568900126423 0.0224609375 0.03666245259165613
0 0.30224609375 0.49178255372945645 0.0224609375 0.03792667509481669
0 0.31494140625 0.5448798988621998 0.0185546875 0.02781289506953224
0 0.216796875 0.4873577749683945 0.025390625 0.044247787610619475
0 0.10400390625 0.5246523388116309 0.0263671875 0.04298356510745892
0 0.92724609375 0.5208596713021493 0.0224609375 0.040455120101137804
0 0.8740234375 0.41276864728192164 0.0234375 0.03666245259165613
0 0.8525390625 0.3919089759797725 0.01953125 0.03286978508217447
0 0.787109375 0.41087231352718084 0.01953125 0.030341340075853353
0 0.80908203125 0.4260429835651075 0.0224609375 0.035398230088495575
0 0.82470703125 0.5094816687737043 0.0224609375 0.040455120101137804
0 0.712890625 0.38558786346396967 0.01953125 0.03286978508217447
0 0.75341796875 0.43931731984829336 0.0185546875 0.026548672566371685
0 0.71484375 0.4260429835651075 0.01953125 0.03286978508217447
0 0.75244140625 0.5107458912768648 0.0224609375 0.030341340075853353
0 0.6728515625 0.5145385587863465 0.01953125 0.030341340075853353
0 0.66796875 0.4348925410872314 0.01953125 0.03792667509481669
0 0.671875 0.40455120101137804 0.017578125 0.02781289506953224
0 0.646484375 0.41087231352718084 0.015625 0.03286978508217447
0 0.62890625 0.39633375474083443 0.017578125 0.03160556257901391
0 0.611328125 0.41908975979772445 0.015625 0.029077117572692796
0 0.5771484375 0.40139064475347663 0.01953125 0.026548672566371685
0 0.6044921875 0.5031605562579015 0.01953125 0.03286978508217447
