0 0.01904296875 0.5876623376623377 0.0380859375 0.08766233766233766
0 0.05615234375 0.5625 0.0341796875 0.06655844155844157
0 0.03125 0.5202922077922079 0.0390625 0.06980519480519481
0 0.06640625 0.43100649350649356 0.037109375 0.07305194805194806
0 0.1455078125 0.18181818181818182 0.025390625 0.05844155844155845
0 0.11865234375 0.23214285714285715 0.0224609375 0.048701298701298704
0 0.2060546875 0.10633116883116883 0.02734375 0.05681818181818182
0 0.2890625 0.12743506493506496 0.029296875 0.053571428571428575
0 0.2822265625 0.3668831168831169 0.109375 0.2077922077922078
0 0.40380859375 0.2735389610389611 0.1064453125 0.19642857142857145
0 0.46923828125 0.3758116883116883 0.0927734375 0.21266233766233766
0 0.66357421875 0.3717532467532468 0.0244140625 0.05194805194805195
0 0.73291015625 0.5470779220779222 0.0361328125 0.08441558441558442
0 0.67626953125 0.4983766233766234 0.0322265625 0.07142857142857144
0 0.775390625 0.47240259740259744 0.02734375 0.05844155844155845
0 0.755859375 0.42613636363636365 0.02734375 0.06006493506493507
0 0.68603515625 0.413961038961039 0.0224609375 0.048701298701298704
0 0.71435546875 0.3392857142857143 0.0263671875 0.0551948051948052
0 0.78759765625 0.4082792207792208 0.0283203125 0.053571428571428575
0 0.78564453125 0.37012987012987014 0.0205078125 0.045454545454545456
0 0.82177734375 0.3368506493506494 0.0244140625 0.04707792207792208
0 0.85888671875 0.3668831168831169 0.0244140625 0.048701298701298704
0 0.82421875 0.48051948051948057 0.037109375 0.07792207792207792
0 0.8564453125 0.45373376623376627 0.02734375 0.06980519480519481
0 0.8330078125 0.4480519480519481 0.025390625 0.06493506493506494
0 0.9033203125 0.4155844155844156 0.029296875 0.061688311688311695
0 0.9384765625 0.45373376623376627 0.025390625 0.053571428571428575
0 0.95849609375 0.523538961038961 0.0322265625 0.06331168831168832
0 0.98388671875 0.3952922077922078 0.0205078125 0.05032467532467533
0 0.97998046875 0.3400974025974026 0.0205078125 0.04383116883116883
0 0.919921875 0.35714285714285715 0.0234375 0.048701298701298704
0 0.9599609375 0.40422077922077926 0.0234375 0.0551948051948052
0 0.93359375 0.7662337662337663 0.091796875 0.2142857142857143
0 0.8740234375 0.6355519480519481 0.04296875 0.09253246753246754
0 0.81005859375 0.601461038961039 0.0341796875 0.07305194805194806
0 0.87060546875 0.5422077922077922 0.0322265625 0.06493506493506494
0 0.91162109375 0.49269480519480524 0.0302734375 0.06655844155844157
0 0.62255859375 0.4748376623376624 0.0244140625 0.06006493506493507
0 0.61865234375 0.37743506493506496 0.0263671875 0.05681818181818182
