0 0.06005859375 0.46360153256704983 0.0458984375 0.08684546615581099
0 0.1533203125 0.29821200510855683 0.046875 0.09067688378033206
0 0.2138671875 0.33014048531289913 0.04296875 0.07790549169859515
0 0.59326171875 0.25606641123882506 0.0341796875 0.07279693486590039
0 0.67333984375 0.30715197956577267 0.0478515625 0.07535121328224777
0 0.9326171875 0.23371647509578544 0.044921875 0.08173690932311622
0 0.95849609375 0.30204342273307794 0.0419921875 0.08812260536398468
0 0.44384765625 0.29246487867177523 0.0341796875 0.09195402298850575
0 0.5244140625 0.454661558109834 0.04296875 0.08939974457215837
0 0.5498046875 0.36845466155810985 0.029296875 0.06768837803320563
