0 0.0205078125 0.08333333333333333 0.037109375 0.08333333333333333
0 0.12060546875 0.08723958333333333 0.0693359375 0.11197916666666666
0 0.173828125 0.15104166666666666 0.02734375 0.0703125
0 0.20654296875 0.08333333333333333 0.0400390625 0.07291666666666666
0 0.28857421875 0.08138020833333333 0.0673828125 0.12109375
0 0.3642578125 0.14127604166666666 0.044921875 0.07161458333333333
0 0.46630859375 0.06184895833333333 0.0634765625 0.10026041666666666
0 0.61962890625 0.3059895833333333 0.1376953125 0.22135416666666666
0 0.8134765625 0.173828125 0.1171875 0.24869791666666666
0 0.86767578125 0.255859375 0.1142578125 0.25651041666666663
