0 0.06494140625 0.08058608058608059 0.0302734375 0.06227106227106227
0 0.21728515625 0.09157509157509157 0.0341796875 0.09157509157509157
0 0.50390625 0.2032967032967033 0.087890625 0.1794871794871795
0 0.7919921875 0.21428571428571427 0.029296875 0.06593406593406594
0 0.853515625 0.14652014652014653 0.03125 0.06227106227106227
0 0.9326171875 0.09523809523809523 0.033203125 0.07326007326007326
0 0.95166015625 0.4478021978021978 0.0419921875 0.09340659340659341
0 0.79150390625 0.4597069597069597 0.0361328125 0.08058608058608059
0 0.48583984375 0.49633699633699635 0.1201171875 0.315018315018315
0 0.201171875 0.44963369963369965 0.0390625 0.10073260073260074
0 0.06689453125 0.45787545787545786 0.0517578125 0.11355311355311355
0 0.04833984375 0.8159340659340659 0.0185546875 0.056776556776556776
0 0.123046875 0.815018315018315 0.02734375 0.0695970695970696
0 0.220703125 0.7481684981684982 0.0234375 0.07875457875457875
0 0.51953125 0.8507326007326007 0.083984375 0.21794871794871795
0 0.87939453125 0.7994505494505495 0.0693359375 0.163003663003663
