0 0.21142578125 0.3718887262079063 0.0615234375 0.14055636896046853
0 0.451171875 0.24084919472913618 0.0625 0.14494875549048317
0 0.5791015625 0.369692532942899 0.07421875 0.16251830161054173
0 0.7265625 0.17569546120058566 0.0390625 0.06734992679355783
0 0.748046875 0.0951683748169839 0.033203125 0.06442166910688141
0 0.7705078125 0.116398243045388 0.029296875 0.0629575402635432
0 0.818359375 0.04172767203513909 0.029296875 0.0424597364568082
0 0.51220703125 0.11859443631039532 0.0341796875 0.06734992679355783
0 0.43994140625 0.09077598828696926 0.0361328125 0.0849194729136164
0 0.29833984375 0.12445095168374817 0.0341796875 0.06734992679355783
0 0.2099609375 0.16471449487554907 0.041015625 0.07174231332357248
0 0.31640625 0.05197657393850659 0.029296875 0.06588579795021962
0 0.95654296875 0.10102489019033675 0.0341796875 0.06442166910688141
0 0.33056640625 0.02855051244509517 0.0224609375 0.04538799414348463
