0 0.35400390625 0.3183150183150183 0.3544921875 0.3054945054945055
0 0.73095703125 0.39816849816849814 0.3720703125 0.35824175824175825
0 0.79931640625 0.0967032967032967 0.0263671875 0.03223443223443223
0 0.126953125 0.16446886446886447 0.03125 0.03296703296703297
0 0.25830078125 0.0978021978021978 0.0126953125 0.012454212454212455
0 0.3671875 0.09194139194139195 0.017578125 0.01684981684981685
0 0.6650390625 0.07106227106227106 0.01953125 0.016117216117216115
0 0.189453125 0.08974358974358974 0.013671875 0.013919413919413919
0 0.66748046875 0.09267399267399268 0.0126953125 0.012454212454212455
0 0.2890625 0.08315018315018315 0.015625 0.010989010989010988
0 0.15185546875 0.1087912087912088 0.0107421875 0.013919413919413919
