0 0.103515625 0.4602864583333333 0.03515625 0.04817708333333333
0 0.13623046875 0.416015625 0.0322265625 0.053385416666666664
0 0.17822265625 0.4134114583333333 0.0322265625 0.04817708333333333
0 0.2294921875 0.4661458333333333 0.029296875 0.05208333333333333
0 0.26123046875 0.427734375 0.0322265625 0.04817708333333333
0 0.33251953125 0.3997395833333333 0.0263671875 0.04427083333333333
0 0.36572265625 0.45963541666666663 0.0263671875 0.04427083333333333
0 0.43994140625 0.42447916666666663 0.0263671875 0.041666666666666664
0 0.4736328125 0.439453125 0.02734375 0.04817708333333333
0 0.54931640625 0.4661458333333333 0.0244140625 0.03645833333333333
0 0.55810546875 0.5234375 0.0361328125 0.05989583333333333
0 0.27294921875 0.55078125 0.0341796875 0.0546875
0 0.36083984375 0.611328125 0.0341796875 0.053385416666666664
0 0.4609375 0.544921875 0.029296875 0.04817708333333333
0 0.59521484375 0.56640625 0.0341796875 0.057291666666666664
0 0.70068359375 0.552734375 0.0302734375 0.05078125
0 0.6337890625 0.4641927083333333 0.025390625 0.037760416666666664
0 0.66064453125 0.4251302083333333 0.0263671875 0.04296875
0 0.74072265625 0.5299479166666666 0.0263671875 0.04427083333333333
0 0.7685546875 0.47265625 0.02734375 0.0390625
0 0.82666015625 0.4765625 0.0322265625 0.049479166666666664
0 0.79150390625 0.5625 0.0380859375 0.0546875
0 0.89453125 0.462890625 0.033203125 0.05078125
