0 0.1728515625 0.27734375 0.06640625 0.11979166666666666
0 0.357421875 0.2825520833333333 0.052734375 0.11458333333333333
0 0.47265625 0.2903645833333333 0.056640625 0.11458333333333333
0 0.580078125 0.33203125 0.072265625 0.13020833333333331
0 0.6650390625 0.234375 0.05859375 0.1328125
0 0.7900390625 0.2265625 0.0625 0.11197916666666666
0 0.87890625 0.31119791666666663 0.072265625 0.13541666666666666
0 0.2646484375 0.6471354166666666 0.06640625 0.11458333333333333
0 0.505859375 0.6015625 0.056640625 0.12760416666666666
0 0.7421875 0.5755208333333333 0.064453125 0.11197916666666666
