0 0.7421875 0.23435419440745675 0.041015625 0.06657789613848203
0 0.591796875 0.4041278295605859 0.046875 0.07856191744340879
0 0.53173828125 0.33688415446071907 0.0498046875 0.06924101198402131
0 0.48974609375 0.2669773635153129 0.0517578125 0.07057256990679095
0 0.4384765625 0.3868175765645806 0.046875 0.06790945406125166
0 0.400390625 0.4660452729693742 0.04296875 0.06924101198402131
0 0.28076171875 0.4267643142476698 0.0341796875 0.03861517976031958
0 0.34130859375 0.3049267643142477 0.0419921875 0.06657789613848203
0 0.2890625 0.29760319573901467 0.0234375 0.049267643142476704
0 0.2275390625 0.3455392809587217 0.041015625 0.07856191744340879
0 0.7119140625 0.3242343541944075 0.04296875 0.06790945406125166
