0 0.75830078125 0.37760416666666663 0.0322265625 0.049479166666666664
0 0.71240234375 0.3938802083333333 0.0302734375 0.045572916666666664
0 0.6396484375 0.40625 0.02734375 0.049479166666666664
0 0.6220703125 0.3274739583333333 0.03125 0.045572916666666664
0 0.54345703125 0.337890625 0.0244140625 0.037760416666666664
0 0.47216796875 0.3203125 0.0302734375 0.041666666666666664
0 0.41064453125 0.35611979166666663 0.0224609375 0.03515625
0 0.3515625 0.3548177083333333 0.02734375 0.04296875
0 0.318359375 0.34440104166666663 0.029296875 0.045572916666666664
0 0.25732421875 0.390625 0.0302734375 0.041666666666666664
0 0.2490234375 0.4375 0.021484375 0.028645833333333332
0 0.18798828125 0.40234375 0.0283203125 0.04427083333333333
0 0.607421875 0.7018229166666666 0.021484375 0.03125
