0 0.05712890625 0.12746478873239436 0.0400390625 0.06901408450704226
0 0.14990234375 0.15985915492957747 0.0361328125 0.05774647887323944
0 0.2421875 0.12535211267605634 0.03515625 0.061971830985915494
0 0.3935546875 0.07535211267605635 0.03515625 0.06619718309859156
0 0.49853515625 0.10704225352112677 0.0361328125 0.0647887323943662
0 0.56005859375 0.13450704225352114 0.0361328125 0.054929577464788736
0 0.6416015625 0.14084507042253522 0.037109375 0.061971830985915494
0 0.73583984375 0.14929577464788732 0.0419921875 0.0647887323943662
0 0.845703125 0.17605633802816903 0.0390625 0.06760563380281691
0 0.97119140625 0.12535211267605634 0.0458984375 0.07887323943661972
0 0.89794921875 0.4563380281690141 0.0498046875 0.08450704225352113
0 0.78662109375 0.42676056338028173 0.0419921875 0.07887323943661972
0 0.6728515625 0.4084507042253521 0.041015625 0.08169014084507042
0 0.56787109375 0.3795774647887324 0.0380859375 0.06338028169014084
0 0.224609375 0.3450704225352113 0.05078125 0.08732394366197184
0 0.0927734375 0.4176056338028169 0.04296875 0.07183098591549296
