0 0.03662109375 0.6377551020408163 0.0087890625 0.016034985422740525
0 0.08349609375 0.6486880466472303 0.0087890625 0.01749271137026239
0 0.2607421875 0.6239067055393586 0.0078125 0.014577259475218658
0 0.29541015625 0.5911078717201166 0.0068359375 0.016034985422740525
0 0.37158203125 0.6209912536443148 0.0068359375 0.014577259475218658
0 0.66064453125 0.8440233236151603 0.0166015625 0.03498542274052478
0 0.54296875 0.7274052478134111 0.01171875 0.02040816326530612
0 0.61328125 0.6793002915451894 0.0078125 0.02040816326530612
0 0.63232421875 0.684402332361516 0.0126953125 0.021865889212827987
0 0.525390625 0.6814868804664723 0.009765625 0.018950437317784258
0 0.4306640625 0.6895043731778425 0.009765625 0.01749271137026239
0 0.50830078125 0.6370262390670554 0.0087890625 0.014577259475218658
0 0.650390625 0.6399416909620991 0.0078125 0.011661807580174927
0 0.4599609375 0.6800291545189504 0.0078125 0.018950437317784258
0 0.55224609375 0.6290087463556852 0.0068359375 0.013119533527696793
0 0.25830078125 0.6647230320699709 0.0087890625 0.01749271137026239
0 0.28564453125 0.6384839650145773 0.0068359375 0.011661807580174927
0 0.2998046875 0.6428571428571428 0.0078125 0.014577259475218658
0 0.326171875 0.6814868804664723 0.0078125 0.016034985422740525
0 0.4716796875 0.6362973760932944 0.005859375 0.013119533527696793
0 0.48681640625 0.5932944606413995 0.0068359375 0.014577259475218658
0 0.115234375 0.6115160349854227 0.0078125 0.013119533527696793
0 0.97900390625 0.7427113702623906 0.0146484375 0.02478134110787172
