0 0.48486328125 0.44986979166666663 0.0693359375 0.12630208333333331
0 0.16259765625 0.423828125 0.0439453125 0.10026041666666666
0 0.25341796875 0.46875 0.0419921875 0.0703125
0 0.05322265625 0.4114583333333333 0.0185546875 0.03125
0 0.107421875 0.3684895833333333 0.02734375 0.049479166666666664
0 0.0322265625 0.4231770833333333 0.01953125 0.033854166666666664
0 0.181640625 0.44205729166666663 0.015625 0.029947916666666664
0 0.205078125 0.4583333333333333 0.013671875 0.028645833333333332
0 0.7197265625 0.4231770833333333 0.083984375 0.14322916666666666
0 0.8056640625 0.4114583333333333 0.07421875 0.13541666666666666
0 0.896484375 0.4348958333333333 0.052734375 0.1015625
