0 0.19677734375 0.3722677595628415 0.0400390625 0.0778688524590164
0 0.6767578125 0.6577868852459017 0.02734375 0.036885245901639344
0 0.78271484375 0.6338797814207651 0.0302734375 0.05191256830601093
0 0.8798828125 0.6318306010928961 0.025390625 0.05874316939890711
0 0.888671875 0.6359289617486339 0.01953125 0.06147540983606557
0 0.9423828125 0.6222677595628415 0.02734375 0.050546448087431695
0 0.990234375 0.6372950819672131 0.01953125 0.056010928961748634
0 0.984375 0.5088797814207651 0.01953125 0.04234972677595628
0 0.63525390625 0.6325136612021858 0.0224609375 0.04371584699453552
0 0.66845703125 0.5314207650273224 0.0166015625 0.03551912568306011
0 0.73681640625 0.4972677595628415 0.0205078125 0.03825136612021858
0 0.697265625 0.4692622950819672 0.01953125 0.04234972677595628
0 0.7724609375 0.47950819672131145 0.021484375 0.03825136612021858
0 0.8173828125 0.43989071038251365 0.021484375 0.040983606557377046
0 0.2529296875 0.6530054644808743 0.013671875 0.030054644808743168
0 0.28369140625 0.5211748633879781 0.0185546875 0.03415300546448088
0 0.27099609375 0.6564207650273224 0.0166015625 0.028688524590163935
0 0.30078125 0.6659836065573771 0.015625 0.031420765027322405
0 0.31787109375 0.6536885245901639 0.0166015625 0.028688524590163935
0 0.35595703125 0.6564207650273224 0.0146484375 0.028688524590163935
0 0.373046875 0.6386612021857924 0.017578125 0.03961748633879782
0 0.40576171875 0.6530054644808743 0.0146484375 0.030054644808743168
0 0.46533203125 0.519808743169399 0.0146484375 0.025956284153005466
0 0.47412109375 0.6407103825136612 0.0146484375 0.0273224043715847
0 0.5 0.6489071038251366 0.01953125 0.04371584699453552
0 0.53515625 0.639344262295082 0.017578125 0.030054644808743168
0 0.55615234375 0.6386612021857924 0.0166015625 0.036885245901639344
0 0.61328125 0.5061475409836066 0.0234375 0.036885245901639344
0 0.5810546875 0.453551912568306 0.017578125 0.030054644808743168
0 0.8544921875 0.34289617486338797 0.01953125 0.03278688524590164
0 0.953125 0.28005464480874315 0.015625 0.0273224043715847
0 0.97802734375 0.24385245901639344 0.0146484375 0.03415300546448088
0 0.80908203125 0.23292349726775957 0.0166015625 0.025956284153005466
0 0.89306640625 0.453551912568306 0.0224609375 0.04371584699453552
0 0.65771484375 0.41939890710382516 0.0205078125 0.04371584699453552
0 0.98828125 0.4023224043715847 0.01171875 0.023224043715846996
0 0.67041015625 0.3831967213114754 0.0224609375 0.036885245901639344
0 0.09814453125 0.6564207650273224 0.0146484375 0.031420765027322405
0 0.07275390625 0.6639344262295082 0.0146484375 0.03278688524590164
0 0.1875 0.8189890710382514 0.0234375 0.031420765027322405
0 0.11181640625 0.6311475409836066 0.0146484375 0.03278688524590164
0 0.1279296875 0.6161202185792349 0.009765625 0.02185792349726776
