0 0.65576171875 0.631578947368421 0.0302734375 0.07017543859649122
0 0.7919921875 0.42105263157894735 0.037109375 0.09064327485380116
0 0.8955078125 0.23464912280701752 0.033203125 0.0891812865497076
0 0.74462890625 0.22149122807017543 0.0263671875 0.07456140350877193
0 0.64990234375 0.2880116959064327 0.0244140625 0.05555555555555555
0 0.8681640625 0.2492690058479532 0.01953125 0.039473684210526314
0 0.90576171875 0.14912280701754385 0.0205078125 0.03508771929824561
0 0.95751953125 0.12353801169590642 0.0224609375 0.04239766081871345
0 0.57861328125 0.1907894736842105 0.0263671875 0.054093567251461985
0 0.51806640625 0.22807017543859648 0.0263671875 0.043859649122807015
0 0.67626953125 0.17982456140350878 0.0166015625 0.03216374269005848
0 0.8046875 0.07017543859649122 0.01953125 0.03508771929824561
0 0.7666015625 0.10307017543859648 0.015625 0.027777777777777776
0 0.78271484375 0.07163742690058479 0.0126953125 0.02631578947368421
0 0.630859375 0.19663742690058478 0.015625 0.033625730994152045
0 0.45361328125 0.12792397660818713 0.0126953125 0.024853801169590642
0 0.53759765625 0.12792397660818713 0.0126953125 0.019005847953216373
0 0.57763671875 0.10014619883040934 0.0126953125 0.021929824561403508
0 0.4755859375 0.21637426900584794 0.013671875 0.02631578947368421
0 0.21923828125 0.4152046783625731 0.0341796875 0.05847953216374269
0 0.36181640625 0.35818713450292394 0.0322265625 0.05263157894736842
0 0.2841796875 0.3260233918128655 0.0234375 0.03508771929824561
0 0.19189453125 0.3516081871345029 0.0205078125 0.033625730994152045
0 0.41845703125 0.30409356725146197 0.0126953125 0.02631578947368421
0 0.01708984375 0.5497076023391813 0.0205078125 0.05555555555555555
0 0.0703125 0.4576023391812865 0.01953125 0.03216374269005848
0 0.08154296875 0.4005847953216374 0.0146484375 0.02631578947368421
0 0.15283203125 0.3845029239766082 0.0166015625 0.03508771929824561
0 0.41552734375 0.24853801169590642 0.0107421875 0.02046783625730994
0 0.40869140625 0.22149122807017543 0.0107421875 0.021929824561403508
0 0.35546875 0.2624269005847953 0.01953125 0.03070175438596491
0 0.369140625 0.17105263157894735 0.01171875 0.023391812865497075
0 0.32373046875 0.19517543859649122 0.0126953125 0.019005847953216373
0 0.29443359375 0.2624269005847953 0.0126953125 0.021929824561403508
0 0.2607421875 0.2097953216374269 0.01171875 0.019005847953216373
0 0.24072265625 0.28654970760233917 0.0185546875 0.03216374269005848
0 0.2412109375 0.24780701754385964 0.013671875 0.019005847953216373
0 0.24072265625 0.2134502923976608 0.0087890625 0.017543859649122806
0 0.19677734375 0.24342105263157893 0.0107421875 0.019005847953216373
0 0.2060546875 0.3055555555555555 0.01171875 0.02046783625730994
0 0.169921875 0.3538011695906432 0.015625 0.023391812865497075
0 0.16064453125 0.27850877192982454 0.0087890625 0.01608187134502924
0 0.22216796875 0.1922514619883041 0.0107421875 0.01608187134502924
0 0.2099609375 0.2002923976608187 0.0078125 0.017543859649122806
0 0.17626953125 0.21929824561403508 0.0087890625 0.014619883040935672
0 0.15771484375 0.24269005847953215 0.0107421875 0.023391812865497075
0 0.14111328125 0.24195906432748537 0.0107421875 0.024853801169590642
0 0.12158203125 0.35526315789473684 0.0146484375 0.02631578947368421
0 0.07568359375 0.2733918128654971 0.0087890625 0.017543859649122806
0 0.06103515625 0.27266081871345027 0.0087890625 0.019005847953216373
0 0.03271484375 0.35818713450292394 0.0126953125 0.023391812865497075
0 0.06005859375 0.3216374269005848 0.0185546875 0.03216374269005848
0 0.0185546875 0.30116959064327486 0.013671875 0.017543859649122806
0 0.0341796875 0.4100877192982456 0.015625 0.027777777777777776
0 0.00927734375 0.36549707602339176 0.0126953125 0.023391812865497075
0 0.693359375 0.26827485380116955 0.033203125 0.06286549707602339
0 0.4892578125 0.3114035087719298 0.025390625 0.049707602339181284
0 0.46044921875 0.29239766081871343 0.0224609375 0.03216374269005848
0 0.1259765625 0.2975146198830409 0.015625 0.027777777777777776
0 0.1015625 0.3048245614035088 0.015625 0.033625730994152045
0 0.13037109375 0.4100877192982456 0.0244140625 0.033625730994152045
0 0.04736328125 0.5562865497076023 0.0302734375 0.06578947368421052
