0 0.681640625 0.4538799414348463 0.037109375 0.05856515373352855
0 0.080078125 0.13396778916544655 0.025390625 0.04538799414348463
0 0.1669921875 0.13616398243045388 0.021484375 0.040995607613469986
0 0.2666015625 0.15007320644216693 0.0234375 0.0424597364568082
0 0.3125 0.2657393850658858 0.0078125 0.016105417276720352
0 0.2041015625 0.12445095168374817 0.00390625 0.008784773060029283
0 0.2333984375 0.13616398243045388 0.00390625 0.008784773060029283
0 0.2275390625 0.1281112737920937 0.00390625 0.007320644216691069
0 0.19677734375 0.12079062957540264 0.0048828125 0.010248901903367497
0 0.29931640625 0.14055636896046853 0.0048828125 0.008784773060029283
0 0.291015625 0.13469985358711567 0.00390625 0.01171303074670571
0 0.283203125 0.12445095168374817 0.00390625 0.008784773060029283
0 0.3154296875 0.10834553440702782 0.005859375 0.008784773060029283
0 0.31884765625 0.09150805270863836 0.0048828125 0.007320644216691069
0 0.365234375 0.09297218155197658 0.00390625 0.010248901903367497
0 0.37890625 0.2320644216691069 0.00390625 0.007320644216691069
0 0.337890625 0.2247437774524158 0.005859375 0.010248901903367497
0 0.23291015625 0.12298682284040996 0.0048828125 0.008784773060029283
