0 0.71240234375 0.1595900439238653 0.0751953125 0.0629575402635432
0 0.908203125 0.12005856515373353 0.046875 0.04978038067349927
0 0.81005859375 0.1423865300146413 0.0244140625 0.0212298682284041
0 0.96044921875 0.09407027818448024 0.0263671875 0.024158125915080528
0 0.390625 0.37994143484626647 0.046875 0.04538799414348463
0 0.52880859375 0.38653001464128844 0.0478515625 0.04978038067349927
0 0.5517578125 0.43228404099560763 0.083984375 0.06808199121522694
0 0.021484375 0.4084919472913616 0.0390625 0.04685212298682284
0 0.19189453125 0.5025622254758418 0.1669921875 0.08857979502196194
0 0.830078125 0.609809663250366 0.142578125 0.14494875549048317
0 0.77392578125 0.1603221083455344 0.0185546875 0.016105417276720352
0 0.58447265625 0.16581259150805272 0.0205078125 0.018301610541727673
0 0.0712890625 0.25841874084919475 0.01953125 0.021961932650073207
0 0.103515625 0.22108345534407028 0.01953125 0.014641288433382138
0 0.11279296875 0.2452415812591508 0.0205078125 0.01903367496339678
0 0.1416015625 0.23645680819912152 0.021484375 0.02342606149341142
0 0.17529296875 0.23792093704245976 0.0205078125 0.020497803806734993
0 0.16015625 0.2273060029282577 0.0078125 0.00951683748169839
0 0.1796875 0.2569546120058565 0.0234375 0.02635431918008785
0 0.2275390625 0.26281112737920936 0.0234375 0.02342606149341142
0 0.201171875 0.2287701317715959 0.021484375 0.019765739385065886
0 0.28515625 0.22071742313323572 0.01953125 0.019765739385065886
0 0.30078125 0.21522693997071743 0.021484375 0.021961932650073207
0 0.35400390625 0.20863836017569548 0.0244140625 0.021961932650073207
0 0.4091796875 0.20131771595900438 0.017578125 0.017569546120058566
0 0.455078125 0.2170571010248902 0.029296875 0.030014641288433383
0 0.4755859375 0.20863836017569548 0.01171875 0.016105417276720352
0 0.50537109375 0.2130307467057101 0.0263671875 0.02635431918008785
0 0.53125 0.1478770131771596 0.021484375 0.03074670571010249
0 0.65576171875 0.17825768667642752 0.0205078125 0.024158125915080528
0 0.677734375 0.15922401171303074 0.01953125 0.0212298682284041
