0 0.1650390625 0.9040178571428571 0.0546875 0.06101190476190476
0 0.1220703125 0.7879464285714285 0.06640625 0.0625
0 0.123046875 0.7101934523809523 0.064453125 0.057291666666666664
0 0.0751953125 0.6160714285714285 0.060546875 0.050595238095238096
0 0.3330078125 0.8121279761904762 0.05859375 0.058779761904761904
0 0.4853515625 0.8433779761904762 0.07421875 0.06919642857142856
0 0.6806640625 0.8675595238095237 0.056640625 0.06101190476190476
0 0.9287109375 0.8991815476190476 0.064453125 0.05133928571428571
0 0.8408203125 0.7931547619047619 0.064453125 0.05505952380952381
0 0.5693359375 0.7496279761904762 0.0703125 0.06324404761904762
0 0.72998046875 0.6688988095238095 0.0732421875 0.0625
0 0.0068359375 0.9501488095238094 0.01171875 0.049107142857142856
0 0.36767578125 0.7604166666666666 0.0673828125 0.05654761904761904
0 0.49951171875 0.7477678571428571 0.0654296875 0.06101190476190476
0 0.94580078125 0.6953125 0.0556640625 0.057291666666666664
0 0.2509765625 0.5915178571428571 0.064453125 0.0625
0 0.490234375 0.5777529761904762 0.064453125 0.06026785714285714
0 0.67529296875 0.4985119047619047 0.0654296875 0.05505952380952381
0 0.912109375 0.519345238095238 0.0546875 0.05208333333333333
0 0.46826171875 0.5081845238095238 0.0595703125 0.03869047619047619
0 0.3076171875 0.47172619047619047 0.05859375 0.049107142857142856
0 0.25244140625 0.38690476190476186 0.0458984375 0.06398809523809523
0 0.134765625 0.3128720238095238 0.0625 0.057291666666666664
0 0.70654296875 0.3679315476190476 0.0693359375 0.055803571428571425
0 0.82421875 0.3020833333333333 0.064453125 0.05505952380952381
0 0.98779296875 0.050967261904761904 0.0244140625 0.046875
0 0.83154296875 0.055803571428571425 0.0517578125 0.047619047619047616
0 0.91259765625 0.1558779761904762 0.0537109375 0.05133928571428571
0 0.826171875 0.22061011904761904 0.060546875 0.046875
0 0.58935546875 0.25669642857142855 0.0556640625 0.050595238095238096
0 0.6142578125 0.1956845238095238 0.064453125 0.05803571428571428
0 0.63671875 0.07217261904761904 0.05078125 0.047619047619047616
0 0.40576171875 0.2708333333333333 0.0537109375 0.05803571428571428
0 0.42626953125 0.21763392857142855 0.0615234375 0.057291666666666664
0 0.45166015625 0.06733630952380952 0.0517578125 0.05133928571428571
0 0.39013671875 0.08110119047619047 0.0419921875 0.047619047619047616
0 0.39794921875 0.1558779761904762 0.0576171875 0.054315476190476185
0 0.1064453125 0.07142857142857142 0.0546875 0.049107142857142856
0 0.14404296875 0.15104166666666666 0.0595703125 0.05654761904761904
0 0.19482421875 0.19345238095238093 0.0673828125 0.05505952380952381
