0 0.2333984375 0.24461343472750316 0.09375 0.16223067173637515
0 0.041015625 0.23700887198986056 0.080078125 0.11153358681875791
0 0.076171875 0.5874524714828897 0.083984375 0.16603295310519645
0 0.181640625 0.7832699619771862 0.099609375 0.1394169835234474
0 0.27734375 0.6140684410646388 0.076171875 0.1482889733840304
0 0.2578125 0.9499366286438529 0.091796875 0.10012674271229403
0 0.39453125 0.832699619771863 0.091796875 0.13688212927756654
0 0.46875 0.6894803548795944 0.072265625 0.12927756653992395
0 0.615234375 0.6603295310519645 0.087890625 0.14195183776932827
0 0.6865234375 0.8555133079847909 0.09375 0.14195183776932827
0 0.9140625 0.7122940430925221 0.072265625 0.12927756653992395
