0 0.4892578125 0.388671875 0.12890625 0.359375
0 0.74658203125 0.6103515625 0.0478515625 0.115234375
0 0.79833984375 0.8212890625 0.0556640625 0.103515625
0 0.8935546875 0.8525390625 0.056640625 0.119140625
0 0.8154296875 0.1474609375 0.0859375 0.232421875
0 0.10009765625 0.9130859375 0.0537109375 0.123046875
0 0.2294921875 0.828125 0.0546875 0.1171875
0 0.259765625 0.6748046875 0.052734375 0.126953125
0 0.25146484375 0.5673828125 0.0498046875 0.119140625
0 0.13232421875 0.703125 0.0439453125 0.1171875
0 0.09033203125 0.82421875 0.0498046875 0.10546875
0 0.2568359375 0.13671875 0.037109375 0.0859375
