0 0.0263671875 0.2766927083333333 0.015625 0.02734375
0 0.07568359375 0.29752604166666663 0.0322265625 0.045572916666666664
0 0.11962890625 0.3125 0.0166015625 0.026041666666666664
0 0.27490234375 0.2727864583333333 0.0126953125 0.024739583333333332
0 0.36279296875 0.287109375 0.0244140625 0.04036458333333333
0 0.33203125 0.380859375 0.017578125 0.03515625
0 0.388671875 0.27604166666666663 0.013671875 0.0234375
0 0.4423828125 0.3782552083333333 0.0234375 0.037760416666666664
0 0.54345703125 0.3216145833333333 0.0380859375 0.078125
0 0.529296875 0.3391927083333333 0.01953125 0.037760416666666664
0 0.90625 0.3430989583333333 0.02734375 0.04036458333333333
0 0.9619140625 0.30078125 0.01953125 0.028645833333333332
0 0.69091796875 0.3372395833333333 0.0185546875 0.028645833333333332
0 0.7744140625 0.31315104166666663 0.017578125 0.024739583333333332
0 0.8193359375 0.37369791666666663 0.02734375 0.033854166666666664
0 0.69384765625 0.2805989583333333 0.0146484375 0.022135416666666664
0 0.86279296875 0.33463541666666663 0.0205078125 0.03125
