0 0.1044921875 0.46035242290748896 0.015625 0.0513950073421439
0 0.0087890625 0.3443465491923641 0.015625 0.03083700440528634
0 0.02685546875 0.28267254038179146 0.0224609375 0.04845814977973568
0 0.04345703125 0.2606461086637298 0.0166015625 0.03964757709251101
0 0.11572265625 0.2709251101321586 0.0244140625 0.042584434654919234
0 0.2470703125 0.3502202643171806 0.01953125 0.042584434654919234
0 0.03857421875 0.48384728340675476 0.0224609375 0.04552129221732746
0 0.1337890625 0.48825256975036707 0.0234375 0.03964757709251101
0 0.298828125 0.40602055800293685 0.021484375 0.042584434654919234
0 0.1787109375 0.35462555066079293 0.0234375 0.06020558002936857
0 0.267578125 0.25256975036710716 0.021484375 0.041116005873715125
0 0.28076171875 0.29148311306901614 0.0185546875 0.03083700440528634
0 0.30712890625 0.2738619676945668 0.0224609375 0.04845814977973568
0 0.322265625 0.24743024963289278 0.01953125 0.03964757709251101
0 0.34619140625 0.24155653450807635 0.0146484375 0.03083700440528634
0 0.107421875 0.23494860499265785 0.025390625 0.0381791483113069
0 0.16015625 0.21145374449339205 0.0234375 0.04698972099853157
0 0.12548828125 0.18649045521292215 0.0185546875 0.032305433186490456
0 0.03515625 0.1093979441997063 0.01953125 0.03671071953010279
0 0.02197265625 0.0447870778267254 0.0166015625 0.02790014684287812
0 0.08251953125 0.0447870778267254 0.0185546875 0.033773861967694566
0 0.12158203125 0.09618208516886931 0.0166015625 0.033773861967694566
0 0.166015625 0.06681350954478707 0.01953125 0.033773861967694566
0 0.17236328125 0.16886930983847281 0.0205078125 0.0381791483113069
0 0.20654296875 0.17180616740088106 0.0185546875 0.0381791483113069
0 0.20166015625 0.11380323054331865 0.0166015625 0.03671071953010279
0 0.2353515625 0.11086637298091041 0.017578125 0.033773861967694566
0 0.25390625 0.09030837004405286 0.015625 0.033773861967694566
0 0.2548828125 0.0447870778267254 0.017578125 0.03083700440528634
0 0.17236328125 0.020558002936857563 0.0166015625 0.026431718061674006
0 0.22509765625 0.20190895741556533 0.0166015625 0.033773861967694566
0 0.23095703125 0.17327459618208516 0.0126953125 0.032305433186490456
0 0.23828125 0.16372980910425844 0.01171875 0.02790014684287812
0 0.21435546875 0.1461086637298091 0.0126953125 0.02790014684287812
0 0.2353515625 0.2276064610866373 0.01171875 0.026431718061674006
0 0.271484375 0.021292217327459617 0.015625 0.02790014684287812
0 0.27392578125 0.06461086637298091 0.0146484375 0.023494860499265784
0 0.0439453125 0.008810572687224669 0.01953125 0.014684287812041116
0 0.1171875 0.02276064610866373 0.015625 0.02790014684287812
0 0.29248046875 0.15418502202643172 0.0146484375 0.026431718061674006
0 0.28857421875 0.1328928046989721 0.0166015625 0.03083700440528634
0 0.31494140625 0.13803230543318648 0.0146484375 0.02936857562408223
0 0.32470703125 0.09104258443465492 0.0166015625 0.032305433186490456
0 0.3515625 0.08663729809104258 0.015625 0.035242290748898675
0 0.3779296875 0.0895741556534508 0.013671875 0.023494860499265784
0 0.38818359375 0.13069016152716592 0.0166015625 0.032305433186490456
0 0.29052734375 0.1894273127753304 0.0146484375 0.02936857562408223
0 0.27490234375 0.2092511013215859 0.0146484375 0.02790014684287812
0 0.30224609375 0.2224669603524229 0.0185546875 0.03083700440528634
0 0.3203125 0.18281938325991187 0.015625 0.02790014684287812
0 0.32666015625 0.21292217327459617 0.0146484375 0.026431718061674006
0 0.341796875 0.17400881057268722 0.013671875 0.02790014684287812
0 0.36962890625 0.17400881057268722 0.0185546875 0.03083700440528634
0 0.37744140625 0.20337738619676946 0.0185546875 0.03083700440528634
0 0.3623046875 0.2790014684287812 0.015625 0.02936857562408223
0 0.3984375 0.1593245227606461 0.015625 0.03083700440528634
0 0.40673828125 0.12555066079295155 0.0146484375 0.03083700440528634
0 0.43115234375 0.16740088105726872 0.0166015625 0.02936857562408223
0 0.41650390625 0.19309838472834068 0.0166015625 0.03083700440528634
0 0.42578125 0.30249632892804695 0.021484375 0.04405286343612334
0 0.45458984375 0.25036710719530103 0.0126953125 0.03083700440528634
0 0.48388671875 0.29441997063142433 0.0224609375 0.03964757709251101
0 0.50146484375 0.25477239353891334 0.0166015625 0.033773861967694566
0 0.4912109375 0.2041116005873715 0.017578125 0.032305433186490456
0 0.482421875 0.22980910425844345 0.017578125 0.03083700440528634
0 0.474609375 0.18061674008810572 0.015625 0.02936857562408223
0 0.46728515625 0.08076358296622613 0.0166015625 0.026431718061674006
0 0.515625 0.10352422907488987 0.017578125 0.033773861967694566
0 0.435546875 0.08443465491923641 0.015625 0.02790014684287812
0 0.41259765625 0.08002936857562408 0.0146484375 0.024963289280469897
0 0.513671875 0.19016152716593243 0.015625 0.03671071953010279
0 0.5361328125 0.20337738619676946 0.01953125 0.033773861967694566
0 0.3994140625 0.05506607929515418 0.013671875 0.03083700440528634
0 0.4443359375 0.06020558002936857 0.015625 0.02936857562408223
0 0.47509765625 0.04919236417033774 0.0166015625 0.03083700440528634
0 0.49853515625 0.042584434654919234 0.0126953125 0.023494860499265784
0 0.51416015625 0.038913362701908955 0.0126953125 0.024963289280469897
0 0.45458984375 0.11820851688693097 0.0146484375 0.024963289280469897
0 0.408203125 0.030102790014684286 0.01171875 0.01908957415565345
0 0.44384765625 0.031571218795888395 0.0146484375 0.02790014684287812
0 0.43359375 0.031571218795888395 0.01171875 0.02202643171806167
0 0.484375 0.027165932452276064 0.013671875 0.024963289280469897
0 0.47802734375 0.012481644640234948 0.0126953125 0.02202643171806167
0 0.5205078125 0.011747430249632892 0.013671875 0.020558002936857563
0 0.54248046875 0.06461086637298091 0.0126953125 0.026431718061674006
0 0.55615234375 0.1409691629955947 0.0146484375 0.02936857562408223
0 0.572265625 0.09544787077826725 0.015625 0.035242290748898675
0 0.6015625 0.11086637298091041 0.015625 0.024963289280469897
0 0.623046875 0.07121879588839941 0.01171875 0.024963289280469897
0 0.61474609375 0.03450807635829662 0.0146484375 0.02790014684287812
0 0.63818359375 0.040381791483113064 0.0146484375 0.02790014684287812
0 0.65283203125 0.06681350954478707 0.0126953125 0.024963289280469897
0 0.6689453125 0.060939794419970626 0.013671875 0.02790014684287812
0 0.6875 0.05873715124816446 0.01171875 0.02936857562408223
0 0.69677734375 0.03964757709251101 0.0146484375 0.023494860499265784
0 0.6630859375 0.042584434654919234 0.013671875 0.023494860499265784
0 0.701171875 0.01908957415565345 0.013671875 0.023494860499265784
0 0.63671875 0.09177679882525697 0.01171875 0.02790014684287812
0 0.6767578125 0.09177679882525697 0.015625 0.03083700440528634
0 0.705078125 0.09324522760646108 0.015625 0.02790014684287812
0 0.6875 0.13729809104258442 0.015625 0.03083700440528634
0 0.62255859375 0.16005873715124816 0.0166015625 0.026431718061674006
0 0.5703125 0.17327459618208516 0.017578125 0.026431718061674006
0 0.61279296875 0.2121879588839941 0.0166015625 0.03083700440528634
0 0.6376953125 0.21806167400881057 0.017578125 0.03083700440528634
0 0.65673828125 0.19897209985315711 0.0146484375 0.024963289280469897
0 0.68115234375 0.17547723935389134 0.0185546875 0.02790014684287812
0 0.73828125 0.17547723935389134 0.013671875 0.02790014684287812
0 0.7802734375 0.16813509544787078 0.015625 0.02790014684287812
0 0.6474609375 0.23861967694566813 0.017578125 0.03083700440528634
0 0.6650390625 0.2342143906020558 0.015625 0.02790014684287812
0 0.6748046875 0.2687224669603524 0.017578125 0.032305433186490456
0 0.59716796875 0.2577092511013216 0.0185546875 0.03964757709251101
0 0.5791015625 0.28634361233480177 0.017578125 0.0381791483113069
0 0.6015625 0.290014684287812 0.017578125 0.033773861967694566
0 0.63037109375 0.2834067547723935 0.0166015625 0.035242290748898675
0 0.55810546875 0.3252569750367107 0.0166015625 0.03083700440528634
0 0.5849609375 0.34140969162995594 0.017578125 0.033773861967694566
0 0.607421875 0.34140969162995594 0.015625 0.02790014684287812
0 0.62158203125 0.3333333333333333 0.0166015625 0.032305433186490456
0 0.66552734375 0.3274596182085169 0.0166015625 0.0381791483113069
0 0.623046875 0.36784140969162993 0.015625 0.03671071953010279
0 0.65234375 0.395007342143906 0.017578125 0.035242290748898675
0 0.7265625 0.33773861967694563 0.01953125 0.0381791483113069
0 0.697265625 0.3017621145374449 0.017578125 0.03083700440528634
0 0.7041015625 0.2709251101321586 0.017578125 0.03671071953010279
0 0.7265625 0.26798825256975034 0.017578125 0.03671071953010279
0 0.71533203125 0.2577092511013216 0.0166015625 0.03083700440528634
0 0.7607421875 0.27826725403817915 0.015625 0.03083700440528634
0 0.74462890625 0.32452276064610863 0.0126953125 0.035242290748898675
0 0.76171875 0.32819383259911894 0.015625 0.03671071953010279
0 0.76416015625 0.38913362701908955 0.0166015625 0.032305433186490456
0 0.77490234375 0.32378854625550657 0.0146484375 0.033773861967694566
0 0.7705078125 0.24522760646108663 0.015625 0.026431718061674006
0 0.53369140625 0.41409691629955947 0.0244140625 0.041116005873715125
0 0.5400390625 0.5367107195301027 0.021484375 0.03671071953010279
0 0.5927734375 0.5359765051395007 0.021484375 0.0381791483113069
0 0.65478515625 0.527165932452276 0.0244140625 0.041116005873715125
0 0.6611328125 0.5007342143906021 0.021484375 0.041116005873715125
0 0.669921875 0.4295154185022026 0.021484375 0.04552129221732746
0 0.78466796875 0.4787077826725404 0.0224609375 0.04698972099853157
0 0.72802734375 0.5704845814977973 0.0244140625 0.04552129221732746
0 0.73193359375 0.5146842878120411 0.0166015625 0.04552129221732746
0 0.80908203125 0.43024963289280466 0.0205078125 0.032305433186490456
0 0.79345703125 0.4375917767988252 0.0166015625 0.032305433186490456
0 0.84521484375 0.4698972099853157 0.0185546875 0.035242290748898675
0 0.81982421875 0.5110132158590308 0.0205078125 0.0381791483113069
0 0.8076171875 0.5719530102790015 0.021484375 0.03671071953010279
0 0.86669921875 0.5697503671071953 0.0224609375 0.041116005873715125
0 0.82421875 0.5602055800293686 0.021484375 0.04845814977973568
0 0.869140625 0.5 0.0234375 0.03671071953010279
0 0.89208984375 0.4845814977973568 0.0205078125 0.035242290748898675
0 0.859375 0.434654919236417 0.01953125 0.026431718061674006
0 0.92578125 0.5308370044052864 0.021484375 0.042584434654919234
0 0.732421875 0.47356828193832595 0.01953125 0.03083700440528634
0 0.90283203125 0.43685756240822315 0.0126953125 0.02790014684287812
0 0.93115234375 0.4698972099853157 0.0205078125 0.041116005873715125
0 0.80517578125 0.3465491923641703 0.0185546875 0.02936857562408223
0 0.95751953125 0.5227606461086637 0.0205078125 0.032305433186490456
0 0.93798828125 0.5829662261380323 0.0224609375 0.04405286343612334
0 0.9755859375 0.6343612334801761 0.02734375 0.04698972099853157
0 0.95751953125 0.4397944199706314 0.0185546875 0.033773861967694566
0 0.9833984375 0.46255506607929514 0.0234375 0.041116005873715125
0 0.93310546875 0.42070484581497797 0.0166015625 0.033773861967694566
0 0.91650390625 0.39133627019089573 0.0166015625 0.02790014684287812
0 0.9296875 0.3707782672540382 0.017578125 0.03083700440528634
0 0.95263671875 0.3568281938325991 0.0185546875 0.0381791483113069
0 0.96728515625 0.3274596182085169 0.0166015625 0.02936857562408223
0 0.98876953125 0.33627019089574156 0.0166015625 0.0381791483113069
0 0.97705078125 0.395007342143906 0.0146484375 0.041116005873715125
0 0.98583984375 0.40381791483113066 0.0146484375 0.032305433186490456
0 0.90673828125 0.3208516886930984 0.0146484375 0.033773861967694566
0 0.8779296875 0.3105726872246696 0.017578125 0.033773861967694566
0 0.83203125 0.46696035242290745 0.01953125 0.0381791483113069
0 0.7421875 0.09177679882525697 0.01171875 0.02202643171806167
0 0.76513671875 0.0513950073421439 0.0126953125 0.023494860499265784
0 0.7197265625 0.060939794419970626 0.01171875 0.024963289280469897
0 0.77001953125 0.09985315712187959 0.0146484375 0.026431718061674006
0 0.76953125 0.11527165932452275 0.013671875 0.02790014684287812
0 0.77978515625 0.14831130690161526 0.0166015625 0.02936857562408223
0 0.794921875 0.12922173274596183 0.013671875 0.026431718061674006
0 0.79345703125 0.0513950073421439 0.0146484375 0.023494860499265784
0 0.83740234375 0.10205580029368574 0.0146484375 0.024963289280469897
0 0.8115234375 0.19676945668135096 0.017578125 0.02936857562408223
0 0.841796875 0.18502202643171806 0.015625 0.032305433186490456
0 0.8505859375 0.18575624082232012 0.013671875 0.02790014684287812
0 0.85791015625 0.1593245227606461 0.0146484375 0.02790014684287812
0 0.84716796875 0.07415565345080763 0.0146484375 0.02790014684287812
0 0.8701171875 0.09104258443465492 0.013671875 0.026431718061674006
0 0.8740234375 0.1395007342143906 0.013671875 0.026431718061674006
0 0.8994140625 0.12995594713656386 0.013671875 0.02790014684287812
0 0.77734375 0.08149779735682819 0.013671875 0.02202643171806167
0 0.79052734375 0.06607929515418502 0.0107421875 0.020558002936857563
0 0.81689453125 0.08663729809104258 0.0107421875 0.020558002936857563
0 0.9306640625 0.10572687224669602 0.015625 0.02936857562408223
0 0.9052734375 0.18795888399412627 0.017578125 0.02936857562408223
0 0.87158203125 0.16079295154185022 0.0166015625 0.024963289280469897
0 0.892578125 0.28487518355359764 0.017578125 0.035242290748898675
0 0.9658203125 0.2224669603524229 0.017578125 0.033773861967694566
0 0.96875 0.1894273127753304 0.015625 0.032305433186490456
0 0.93408203125 0.2966226138032305 0.0146484375 0.02936857562408223
0 0.9638671875 0.29955947136563876 0.015625 0.032305433186490456
0 0.98193359375 0.16152716593245225 0.0166015625 0.02936857562408223
0 0.99658203125 0.22907488986784139 0.0068359375 0.023494860499265784
0 0.98291015625 0.08883994126284875 0.0126953125 0.024963289280469897
0 0.98681640625 0.12995594713656386 0.0126953125 0.02790014684287812
0 0.888671875 0.01395007342143906 0.013671875 0.024963289280469897
0 0.9423828125 0.22980910425844345 0.01171875 0.024963289280469897
0 0.8876953125 0.2143906020558003 0.013671875 0.026431718061674006
0 0.8125 0.16740088105726872 0.015625 0.023494860499265784
0 0.40087890625 0.7129221732745962 0.0302734375 0.042584434654919234
0 0.53564453125 0.7488986784140969 0.0283203125 0.04698972099853157
0 0.59033203125 0.7224669603524229 0.0283203125 0.05580029368575624
0 0.63330078125 0.7232011747430249 0.0283203125 0.05433186490455213
0 0.04052734375 0.6872246696035242 0.0283203125 0.04405286343612334
0 0.443359375 0.3795888399412628 0.03125 0.06314243759177679
0 0.3359375 0.4508076358296622 0.01953125 0.0381791483113069
0 0.8486328125 0.027165932452276064 0.009765625 0.016152716593245228
0 0.865234375 0.013215859030837003 0.01171875 0.020558002936857563
0 0.8203125 0.024963289280469897 0.01171875 0.020558002936857563
0 0.765625 0.0066079295154185015 0.009765625 0.013215859030837003
0 0.85693359375 0.05433186490455213 0.0107421875 0.020558002936857563
0 0.7314453125 0.03303964757709251 0.01171875 0.01908957415565345
0 0.3310546875 0.30616740088105726 0.013671875 0.02790014684287812
0 0.99609375 0.25917767988252566 0.0078125 0.024963289280469897
0 0.57177734375 0.21292217327459617 0.0126953125 0.020558002936857563
0 0.13037109375 0.08076358296622613 0.0107421875 0.020558002936857563
0 0.2080078125 0.02422907488986784 0.015625 0.02202643171806167
