0 0.220703125 0.3312841530054645 0.06640625 0.12158469945355191
0 0.37109375 0.3743169398907104 0.068359375 0.12568306010928962
0 0.5078125 0.25341530054644806 0.078125 0.1325136612021858
0 0.41455078125 0.17691256830601093 0.0654296875 0.11612021857923498
0 0.06005859375 0.05122950819672131 0.0615234375 0.09699453551912568
0 0.1845703125 0.11407103825136612 0.0546875 0.09153005464480875
0 0.30126953125 0.148224043715847 0.0693359375 0.1051912568306011
0 0.56396484375 0.2390710382513661 0.0478515625 0.10382513661202186
0 0.71826171875 0.2766393442622951 0.0673828125 0.12431693989071038
0 0.85302734375 0.30191256830601093 0.0615234375 0.10109289617486339
0 0.9931640625 0.2937158469945355 0.015625 0.11748633879781421
0 0.076171875 0.3073770491803279 0.0625 0.11202185792349727
