0 0.15380859375 0.41935483870967744 0.0595703125 0.14838709677419354
0 0.20458984375 0.35080645161290325 0.0498046875 0.10483870967741936
0 0.2822265625 0.4564516129032258 0.05859375 0.13225806451612904
0 0.3349609375 0.38870967741935486 0.048828125 0.10967741935483871
0 0.3828125 0.3604838709677419 0.044921875 0.10161290322580645
0 0.388671875 0.5758064516129032 0.060546875 0.13870967741935483
0 0.4453125 0.44516129032258067 0.052734375 0.1064516129032258
0 0.4580078125 0.5564516129032258 0.05859375 0.13225806451612904
0 0.4873046875 0.3814516129032258 0.041015625 0.09838709677419355
0 0.58203125 0.5161290322580645 0.0546875 0.13225806451612904
0 0.5771484375 0.3580645161290323 0.041015625 0.0967741935483871
0 0.6572265625 0.4080645161290323 0.05078125 0.11290322580645161
0 0.712890625 0.5766129032258065 0.05078125 0.11129032258064517
0 0.84619140625 0.4403225806451613 0.0556640625 0.11290322580645161
