0 0.12255859375 0.3764124293785311 0.0615234375 0.046610169491525424
0 0.22021484375 0.4043079096045198 0.0517578125 0.03884180790960452
0 0.3212890625 0.4170197740112994 0.03125 0.021892655367231638
0 0.39208984375 0.3707627118644068 0.0439453125 0.04096045197740113
0 0.49169921875 0.4152542372881356 0.0634765625 0.04943502824858757
0 0.576171875 0.3644067796610169 0.0390625 0.029661016949152543
0 0.6640625 0.361228813559322 0.048828125 0.03884180790960452
0 0.853515625 0.3665254237288136 0.05078125 0.05367231638418079
0 0.93408203125 0.3679378531073446 0.0341796875 0.029661016949152543
0 0.9765625 0.3880649717514124 0.01953125 0.019067796610169493
0 0.814453125 0.388771186440678 0.029296875 0.024717514124293787
