0 0.95263671875 0.7383093525179857 0.0224609375 0.048561151079136694
0 0.98974609375 0.6555755395683454 0.0185546875 0.052158273381294966
0 0.97607421875 0.5944244604316548 0.0224609375 0.052158273381294966
0 0.9619140625 0.5314748201438849 0.01953125 0.04496402877697842
0 0.99658203125 0.466726618705036 0.0068359375 0.048561151079136694
0 0.94140625 0.4784172661870504 0.01953125 0.046762589928057555
0 0.86962890625 0.7535971223021584 0.0224609375 0.053956834532374105
0 0.90087890625 0.6636690647482014 0.0224609375 0.053956834532374105
0 0.90234375 0.6097122302158273 0.0234375 0.046762589928057555
0 0.8798828125 0.525179856115108 0.0234375 0.053956834532374105
0 0.86669921875 0.5026978417266187 0.0205078125 0.04496402877697842
0 0.8857421875 0.4262589928057554 0.021484375 0.05035971223021583
0 0.84375 0.6744604316546763 0.0234375 0.046762589928057555
0 0.79248046875 0.723021582733813 0.0244140625 0.046762589928057555
0 0.77197265625 0.6609712230215827 0.0244140625 0.05575539568345324
0 0.822265625 0.6088129496402878 0.025390625 0.04496402877697842
0 0.79833984375 0.5296762589928058 0.0205078125 0.052158273381294966
0 0.80322265625 0.49190647482014394 0.0185546875 0.04136690647482014
0 0.79052734375 0.4388489208633094 0.0224609375 0.05035971223021583
0 0.77099609375 0.3920863309352518 0.0224609375 0.046762589928057555
0 0.728515625 0.689748201438849 0.025390625 0.052158273381294966
0 0.751953125 0.5881294964028777 0.021484375 0.05035971223021583
0 0.6962890625 0.6330935251798562 0.025390625 0.05755395683453238
0 0.7236328125 0.5638489208633094 0.021484375 0.04136690647482014
0 0.7431640625 0.5233812949640289 0.01953125 0.05035971223021583
0 0.7314453125 0.4649280575539569 0.01953125 0.04136690647482014
0 0.67431640625 0.5539568345323741 0.0224609375 0.053956834532374105
0 0.63427734375 0.7212230215827339 0.0244140625 0.05035971223021583
0 0.61669921875 0.6097122302158273 0.0244140625 0.05755395683453238
0 0.6455078125 0.5404676258992807 0.021484375 0.04496402877697842
0 0.673828125 0.49910071942446044 0.0234375 0.04496402877697842
0 0.65576171875 0.3902877697841727 0.0205078125 0.05755395683453238
0 0.63525390625 0.3920863309352518 0.0224609375 0.046762589928057555
0 0.97998046875 0.3318345323741007 0.0205078125 0.048561151079136694
0 0.908203125 0.3552158273381295 0.01953125 0.048561151079136694
0 0.888671875 0.3597122302158274 0.01953125 0.04316546762589928
0 0.81787109375 0.34982014388489213 0.0224609375 0.03776978417266187
0 0.70849609375 0.36061151079136694 0.0205078125 0.048561151079136694
0 0.751953125 0.34352517985611514 0.01953125 0.04316546762589928
0 0.5986328125 0.5593525179856116 0.0234375 0.053956834532374105
0 0.6025390625 0.4838129496402878 0.021484375 0.02877697841726619
0 0.55029296875 0.7688848920863309 0.0205078125 0.048561151079136694
0 0.51220703125 0.7877697841726619 0.0361328125 0.08992805755395684
0 0.5302734375 0.6303956834532375 0.0234375 0.05575539568345324
0 0.5458984375 0.6303956834532375 0.013671875 0.04496402877697842
0 0.5673828125 0.5413669064748202 0.021484375 0.05035971223021583
0 0.53515625 0.506294964028777 0.021484375 0.048561151079136694
0 0.580078125 0.4154676258992806 0.021484375 0.046762589928057555
0 0.56787109375 0.3866906474820144 0.0205078125 0.03956834532374101
0 0.5244140625 0.40287769784172667 0.021484375 0.046762589928057555
0 0.466796875 0.7670863309352518 0.021484375 0.048561151079136694
0 0.3974609375 0.7508992805755396 0.021484375 0.052158273381294966
0 0.4482421875 0.6447841726618705 0.025390625 0.059352517985611516
0 0.4541015625 0.5674460431654677 0.0234375 0.052158273381294966
0 0.48193359375 0.49190647482014394 0.0244140625 0.052158273381294966
0 0.45947265625 0.47661870503597126 0.0205078125 0.053956834532374105
0 0.44775390625 0.4217625899280576 0.0205078125 0.048561151079136694
0 0.384765625 0.6672661870503598 0.01953125 0.05035971223021583
0 0.39501953125 0.5314748201438849 0.0185546875 0.052158273381294966
0 0.36181640625 0.5557553956834532 0.0224609375 0.06115107913669065
0 0.396484375 0.47302158273381295 0.021484375 0.05035971223021583
0 0.38330078125 0.3839928057553957 0.0205078125 0.052158273381294966
0 0.34326171875 0.37410071942446044 0.0205078125 0.04316546762589928
0 0.3115234375 0.72931654676259 0.0234375 0.048561151079136694
0 0.3193359375 0.6690647482014389 0.0234375 0.053956834532374105
0 0.31640625 0.5350719424460432 0.0234375 0.048561151079136694
0 0.26611328125 0.5602517985611511 0.0224609375 0.048561151079136694
0 0.3203125 0.4838129496402878 0.021484375 0.04316546762589928
0 0.3173828125 0.4127697841726619 0.021484375 0.048561151079136694
0 0.23486328125 0.7086330935251799 0.0263671875 0.06115107913669065
0 0.25 0.6942446043165468 0.01953125 0.046762589928057555
0 0.23486328125 0.5557553956834532 0.0224609375 0.05755395683453238
0 0.2470703125 0.48111510791366907 0.0234375 0.052158273381294966
0 0.2548828125 0.4478417266187051 0.021484375 0.03956834532374101
0 0.2578125 0.3732014388489209 0.021484375 0.04496402877697842
0 0.19189453125 0.381294964028777 0.0244140625 0.046762589928057555
0 0.1767578125 0.4073741007194245 0.021484375 0.04136690647482014
0 0.17431640625 0.45593525179856115 0.0244140625 0.052158273381294966
0 0.16357421875 0.5548561151079137 0.0205078125 0.04496402877697842
0 0.181640625 0.6187050359712231 0.021484375 0.046762589928057555
0 0.16943359375 0.6816546762589928 0.0224609375 0.05035971223021583
0 0.16015625 0.7634892086330936 0.0234375 0.05575539568345324
0 0.07666015625 0.7005395683453238 0.0224609375 0.059352517985611516
0 0.08984375 0.6717625899280576 0.0234375 0.059352517985611516
0 0.111328125 0.5701438848920863 0.0234375 0.053956834532374105
0 0.10498046875 0.5323741007194245 0.0224609375 0.046762589928057555
0 0.1123046875 0.42086330935251803 0.021484375 0.05035971223021583
0 0.12255859375 0.375 0.0205078125 0.04136690647482014
0 0.009765625 0.6465827338129497 0.015625 0.052158273381294966
0 0.0205078125 0.539568345323741 0.0234375 0.053956834532374105
0 0.03125 0.46582733812949645 0.0234375 0.053956834532374105
0 0.0380859375 0.42535971223021585 0.01953125 0.03776978417266187
0 0.04833984375 0.3597122302158274 0.0224609375 0.03956834532374101
