0 0.2568359375 0.0950207468879668 0.14453125 0.12697095435684647
0 0.0908203125 0.20622406639004148 0.060546875 0.05726141078838174
0 0.86962890625 0.2099585062240664 0.0595703125 0.054771784232365145
0 0.80224609375 0.16804979253112032 0.0478515625 0.04730290456431535
0 0.84765625 0.13195020746887967 0.015625 0.023236514522821577
0 0.78271484375 0.12116182572614108 0.0244140625 0.024896265560165973
0 0.58251953125 0.14149377593360996 0.0166015625 0.024066390041493774
0 0.54931640625 0.12572614107883817 0.0185546875 0.022406639004149378
0 0.94775390625 0.13319502074688797 0.0322265625 0.03402489626556016
0 0.99072265625 0.14439834024896264 0.0185546875 0.028215767634854772
