0 0.0390625 0.44956772334293943 0.017578125 0.05763688760806916
0 0.357421875 0.20605187319884724 0.044921875 0.15273775216138327
0 0.25732421875 0.6152737752161382 0.0166015625 0.10662824207492795
0 0.29345703125 0.6887608069164265 0.0107421875 0.034582132564841495
0 0.3173828125 0.7017291066282421 0.01171875 0.04899135446685879
0 0.330078125 0.6714697406340058 0.01171875 0.02881844380403458
0 0.3564453125 0.6873198847262247 0.009765625 0.037463976945244955
0 0.3916015625 0.6959654178674352 0.009765625 0.037463976945244955
0 0.42724609375 0.6556195965417867 0.0107421875 0.04322766570605187
0 0.47265625 0.6268011527377522 0.015625 0.04899135446685879
0 0.90673828125 0.2507204610951008 0.0185546875 0.08645533141210374
