0 0.09033203125 0.44225146198830406 0.0205078125 0.039473684210526314
0 0.1162109375 0.4466374269005848 0.017578125 0.033625730994152045
0 0.18359375 0.44883040935672514 0.015625 0.03216374269005848
0 0.2119140625 0.45175438596491224 0.017578125 0.029239766081871343
0 0.24365234375 0.4722222222222222 0.0185546875 0.03508771929824561
0 0.26123046875 0.4320175438596491 0.0205078125 0.039473684210526314
0 0.29296875 0.45906432748538006 0.013671875 0.02631578947368421
0 0.3388671875 0.4510233918128655 0.01953125 0.03070175438596491
0 0.453125 0.4415204678362573 0.015625 0.04093567251461988
0 0.5 0.4634502923976608 0.015625 0.03508771929824561
0 0.51513671875 0.4510233918128655 0.0146484375 0.027777777777777776
0 0.56298828125 0.41739766081871343 0.0185546875 0.05116959064327485
0 0.58984375 0.4305555555555555 0.01953125 0.039473684210526314
0 0.6591796875 0.4276315789473684 0.021484375 0.04239766081871345
0 0.7177734375 0.41739766081871343 0.01953125 0.03654970760233918
0 0.7255859375 0.4327485380116959 0.015625 0.038011695906432746
0 0.75732421875 0.46929824561403505 0.0205078125 0.043859649122807015
0 0.73779296875 0.5438596491228069 0.0205078125 0.043859649122807015
0 0.8076171875 0.4320175438596491 0.021484375 0.039473684210526314
0 0.7998046875 0.5416666666666666 0.025390625 0.04532163742690058
0 0.85302734375 0.4415204678362573 0.0166015625 0.03216374269005848
0 0.87158203125 0.4005847953216374 0.0302734375 0.05263157894736842
0 0.92333984375 0.435672514619883 0.0205078125 0.03216374269005848
0 0.9482421875 0.44225146198830406 0.015625 0.039473684210526314
0 0.97509765625 0.3603801169590643 0.0126953125 0.06286549707602339
