0 0.1328125 0.4156414762741652 0.015625 0.040421792618629174
0 0.16748046875 0.4094903339191564 0.0185546875 0.045694200351493845
0 0.25927734375 0.4094903339191564 0.0185546875 0.05272407732864674
0 0.28564453125 0.4173989455184534 0.0166015625 0.04745166959578207
0 0.81103515625 0.3980667838312829 0.0322265625 0.06502636203866433
0 0.73388671875 0.3681898066783831 0.0302734375 0.06151142355008787
0 0.66650390625 0.398945518453427 0.0283203125 0.0492091388400703
0 0.6376953125 0.367311072056239 0.02734375 0.05975395430579965
0 0.56201171875 0.40685413005272403 0.0283203125 0.06151142355008787
0 0.56884765625 0.3391915641476274 0.0263671875 0.056239015817223195
0 0.50439453125 0.4024604569420035 0.0322265625 0.0632688927943761
0 0.4697265625 0.34446397188049205 0.02734375 0.05975395430579965
0 0.40966796875 0.3734622144112478 0.0263671875 0.05448154657293497
0 0.34130859375 0.37873462214411246 0.0283203125 0.06151142355008787
