0 0.9619140625 0.07226277372262774 0.025390625 0.06861313868613138
0 0.2109375 0.30291970802919704 0.044921875 0.07445255474452554
0 0.6337890625 0.21751824817518248 0.041015625 0.10218978102189781
0 0.64453125 0.05693430656934306 0.009765625 0.03503649635036496
0 0.48876953125 0.09635036496350365 0.0205078125 0.040875912408759124
0 0.56884765625 0.10875912408759124 0.0107421875 0.02773722627737226
0 0.70166015625 0.14817518248175182 0.0283203125 0.05401459854014598
0 0.8193359375 0.07737226277372262 0.01953125 0.049635036496350364
0 0.751953125 0.025547445255474453 0.01171875 0.02773722627737226
0 0.9072265625 0.02262773722627737 0.015625 0.04233576642335766
0 0.68408203125 0.025547445255474453 0.0107421875 0.024817518248175182
0 0.37646484375 0.24306569343065693 0.0400390625 0.07153284671532846
0 0.44287109375 0.3014598540145985 0.1220703125 0.22043795620437956
0 0.17578125 0.3941605839416058 0.0390625 0.10510948905109488
0 0.06005859375 0.2656934306569343 0.0244140625 0.0437956204379562
0 0.17724609375 0.19999999999999998 0.0205078125 0.049635036496350364
0 0.25048828125 0.20291970802919707 0.0224609375 0.05547445255474452
0 0.779296875 0.03722627737226277 0.017578125 0.03941605839416058
