0 0.02734375 0.2841463414634146 0.02734375 0.041463414634146344
0 0.11572265625 0.2646341463414634 0.0224609375 0.03414634146341464
0 0.1650390625 0.22378048780487805 0.021484375 0.03536585365853658
0 0.18505859375 0.2225609756097561 0.0166015625 0.03048780487804878
0 0.08740234375 0.21280487804878048 0.0146484375 0.018292682926829267
0 0.05908203125 0.2451219512195122 0.0166015625 0.026829268292682926
0 0.0712890625 0.24451219512195121 0.009765625 0.025609756097560974
0 0.1474609375 0.21402439024390243 0.009765625 0.020731707317073172
0 0.14501953125 0.2969512195121951 0.0439453125 0.05731707317073171
0 0.205078125 0.31646341463414634 0.03515625 0.0475609756097561
0 0.2275390625 0.26707317073170733 0.021484375 0.036585365853658534
0 0.33984375 0.26402439024390245 0.046875 0.07682926829268293
0 0.40576171875 0.29817073170731706 0.0302734375 0.054878048780487805
0 0.47802734375 0.31585365853658537 0.0126953125 0.026829268292682926
0 0.521484375 0.2920731707317073 0.0234375 0.03780487804878049
0 0.5693359375 0.27439024390243905 0.046875 0.08048780487804878
0 0.52294921875 0.45121951219512196 0.0634765625 0.09268292682926829
0 0.076171875 0.47804878048780486 0.02734375 0.041463414634146344
0 0.6376953125 0.3676829268292683 0.044921875 0.08170731707317073
0 0.82666015625 0.3975609756097561 0.0439453125 0.09024390243902439
0 0.6552734375 0.27134146341463417 0.029296875 0.05731707317073171
0 0.68994140625 0.2146341463414634 0.0185546875 0.03414634146341464
0 0.84130859375 0.35 0.0380859375 0.06097560975609756
0 0.8349609375 0.2920731707317073 0.037109375 0.045121951219512194
0 0.95361328125 0.38353658536585367 0.0419921875 0.07926829268292683
0 0.9697265625 0.31585365853658537 0.03515625 0.05121951219512195
0 0.85009765625 0.8091463414634147 0.0654296875 0.09390243902439024
0 0.814453125 0.7140243902439024 0.05078125 0.0524390243902439
0 0.0087890625 0.2597560975609756 0.015625 0.03414634146341464
0 0.115234375 0.2371951219512195 0.01953125 0.02804878048780488
0 0.29541015625 0.3152439024390244 0.0205078125 0.03780487804878049
0 0.498046875 0.18658536585365854 0.005859375 0.007317073170731707
