0 0.46142578125 0.39482758620689656 0.0263671875 0.06551724137931034
0 0.5244140625 0.37241379310344824 0.021484375 0.05517241379310345
0 0.59228515625 0.4086206896551724 0.0263671875 0.06206896551724138
0 0.6064453125 0.3482758620689655 0.025390625 0.05862068965517241
0 0.65185546875 0.33017241379310347 0.0244140625 0.06379310344827586
0 0.6650390625 0.41379310344827586 0.02734375 0.06206896551724138
0 0.68798828125 0.375 0.0224609375 0.06034482758620689
0 0.7548828125 0.38189655172413794 0.025390625 0.06034482758620689
0 0.82275390625 0.3905172413793103 0.0263671875 0.0706896551724138
0 0.8974609375 0.4060344827586207 0.02734375 0.0706896551724138
0 0.14599609375 0.36551724137931035 0.0224609375 0.06206896551724138
0 0.220703125 0.378448275862069 0.0234375 0.05344827586206896
0 0.2578125 0.3543103448275862 0.0234375 0.05
0 0.2998046875 0.38620689655172413 0.025390625 0.06206896551724138
0 0.35009765625 0.3913793103448276 0.0244140625 0.05862068965517241
0 0.365234375 0.3258620689655172 0.0234375 0.05862068965517241
0 0.41650390625 0.36810344827586206 0.0244140625 0.06034482758620689
0 0.439453125 0.32413793103448274 0.0234375 0.05172413793103448
