0 0.6552734375 0.46402349486049926 0.017578125 0.035242290748898675
0 0.71044921875 0.46255506607929514 0.0185546875 0.032305433186490456
0 0.75341796875 0.4544787077826725 0.0166015625 0.033773861967694566
0 0.7958984375 0.46475770925110127 0.015625 0.02790014684287812
0 0.8046875 0.3619676945668135 0.015625 0.03671071953010279
0 0.6875 0.34948604992657856 0.017578125 0.032305433186490456
0 0.6376953125 0.3465491923641703 0.015625 0.035242290748898675
0 0.5869140625 0.3465491923641703 0.017578125 0.02936857562408223
0 0.84375 0.4500734214390602 0.017578125 0.03671071953010279
0 0.76611328125 0.5866372980910426 0.0185546875 0.03671071953010279
0 0.81494140625 0.6468428781204111 0.0166015625 0.03671071953010279
0 0.71484375 0.618942731277533 0.017578125 0.033773861967694566
0 0.66748046875 0.6483113069016152 0.0185546875 0.02790014684287812
0 0.6123046875 0.6358296622613803 0.017578125 0.035242290748898675
0 0.537109375 0.6343612334801761 0.017578125 0.035242290748898675
0 0.7451171875 0.33039647577092507 0.017578125 0.032305433186490456
0 0.18359375 0.447870778267254 0.015625 0.026431718061674006
0 0.23486328125 0.45594713656387664 0.0166015625 0.03083700440528634
0 0.2724609375 0.4449339207048458 0.015625 0.02936857562408223
0 0.30615234375 0.46035242290748896 0.0146484375 0.02790014684287812
0 0.34814453125 0.46035242290748896 0.0166015625 0.033773861967694566
0 0.38330078125 0.4544787077826725 0.0146484375 0.03083700440528634
0 0.41455078125 0.4566813509544787 0.0146484375 0.02936857562408223
0 0.4580078125 0.4412628487518355 0.017578125 0.02790014684287812
0 0.2021484375 0.6049926578560939 0.01953125 0.035242290748898675
0 0.26416015625 0.6248164464023495 0.0185546875 0.03671071953010279
0 0.3349609375 0.6255506607929515 0.017578125 0.0381791483113069
0 0.4150390625 0.6226138032305433 0.017578125 0.035242290748898675
0 0.4658203125 0.5807635829662261 0.015625 0.033773861967694566
0 0.0966796875 0.36563876651982374 0.017578125 0.026431718061674006
0 0.13623046875 0.37738619676945667 0.0146484375 0.026431718061674006
0 0.17626953125 0.3634361233480176 0.0146484375 0.02202643171806167
0 0.21484375 0.35903083700440525 0.013671875 0.03083700440528634
0 0.26513671875 0.3318649045521292 0.0185546875 0.0381791483113069
0 0.322265625 0.3384728340675477 0.015625 0.03083700440528634
0 0.36767578125 0.3450807635829662 0.0166015625 0.02936857562408223
0 0.42626953125 0.35242290748898675 0.0146484375 0.026431718061674006
0 0.494140625 0.3634361233480176 0.015625 0.02790014684287812
0 0.533203125 0.34287812041116006 0.017578125 0.033773861967694566
0 0.5654296875 0.4566813509544787 0.017578125 0.035242290748898675
0 0.61083984375 0.4662261380323054 0.0146484375 0.02790014684287812
0 0.92919921875 0.4985315712187959 0.0185546875 0.024963289280469897
0 0.89501953125 0.6108663729809104 0.0185546875 0.035242290748898675
0 0.8486328125 0.6035242290748898 0.017578125 0.035242290748898675
0 0.13037109375 0.6453744493392071 0.0205078125 0.033773861967694566
0 0.513671875 0.45594713656387664 0.017578125 0.02790014684287812
