0 0.5078125 0.51953125 0.009765625 0.015625
0 0.23388671875 0.4817708333333333 0.0400390625 0.07291666666666666
0 0.32666015625 0.4895833333333333 0.0263671875 0.04427083333333333
0 0.3525390625 0.494140625 0.015625 0.03255208333333333
0 0.3837890625 0.5045572916666666 0.013671875 0.029947916666666664
0 0.43212890625 0.51171875 0.0166015625 0.028645833333333332
0 0.4482421875 0.49609375 0.01171875 0.03125
0 0.4970703125 0.525390625 0.015625 0.022135416666666664
0 0.4130859375 0.49869791666666663 0.01171875 0.0234375
0 0.51904296875 0.509765625 0.0107421875 0.01953125
0 0.53076171875 0.5065104166666666 0.0087890625 0.013020833333333332
0 0.544921875 0.5084635416666666 0.01171875 0.01953125
0 0.57080078125 0.498046875 0.0107421875 0.016927083333333332
0 0.48095703125 0.5110677083333333 0.0087890625 0.016927083333333332
0 0.5615234375 0.521484375 0.009765625 0.014322916666666666
0 0.01708984375 0.5234375 0.0283203125 0.05989583333333333
0 0.099609375 0.5325520833333333 0.02734375 0.05208333333333333
0 0.20361328125 0.498046875 0.0185546875 0.03255208333333333
