0 0.0771484375 0.21669106881405564 0.033203125 0.05856515373352855
0 0.12890625 0.25915080527086387 0.041015625 0.07906295754026355
0 0.205078125 0.21669106881405564 0.037109375 0.07027818448023426
0 0.228515625 0.17057101024890192 0.029296875 0.05710102489019034
0 0.2724609375 0.21376281112737922 0.03515625 0.06149341142020498
0 0.32177734375 0.20497803806734993 0.0283203125 0.06734992679355783
0 0.2451171875 0.3067349926793558 0.037109375 0.07759882869692533
0 0.33056640625 0.32284040995607616 0.0380859375 0.08052708638360176
0 0.36279296875 0.212298682284041 0.0322265625 0.06442166910688141
0 0.42578125 0.20497803806734993 0.03125 0.055636896046852125
0 0.53125 0.1815519765739385 0.02734375 0.06149341142020498
0 0.50537109375 0.31991215226939973 0.0341796875 0.0629575402635432
0 0.43408203125 0.3469985358711567 0.0341796875 0.07027818448023426
0 0.08740234375 0.424597364568082 0.0400390625 0.06734992679355783
0 0.17529296875 0.4758418740849195 0.0439453125 0.07906295754026355
0 0.28857421875 0.4743777452415813 0.0361328125 0.07320644216691069
0 0.3984375 0.4575402635431918 0.0390625 0.08345534407027819
0 0.611328125 0.2115666178623719 0.03125 0.06588579795021962
0 0.603515625 0.2986822840409956 0.03515625 0.07027818448023426
0 0.65625 0.3279648609077599 0.03515625 0.07320644216691069
0 0.501953125 0.5029282576866765 0.0390625 0.07759882869692533
0 0.60400390625 0.4780380673499268 0.0380859375 0.0746705710102489
0 0.705078125 0.1595900439238653 0.03125 0.06149341142020498
0 0.81689453125 0.22181551976573938 0.0322265625 0.0629575402635432
0 0.73095703125 0.3213762811127379 0.0302734375 0.06881405563689605
0 0.82080078125 0.32284040995607616 0.0380859375 0.07174231332357248
0 0.89208984375 0.32210834553440704 0.0419921875 0.08199121522693997
0 0.68896484375 0.48975109809663253 0.0361328125 0.0746705710102489
0 0.7705078125 0.48462664714494874 0.0390625 0.07027818448023426
0 0.8603515625 0.47144948755490484 0.0390625 0.07320644216691069
