0 0.08349609375 0.1581548599670511 0.0341796875 0.085667215815486
0 0.14501953125 0.18204283360790774 0.0361328125 0.08072487644151566
0 0.205078125 0.14909390444810544 0.029296875 0.07084019769357495
0 0.2275390625 0.3756177924217463 0.03515625 0.06260296540362438
0 0.25927734375 0.16309719934102143 0.0263671875 0.05271828665568369
0 0.30322265625 0.14497528830313014 0.0263671875 0.06919275123558484
0 0.36279296875 0.085667215815486 0.0302734375 0.05601317957166392
0 0.45849609375 0.051894563426688634 0.0283203125 0.0642504118616145
0 0.4375 0.128500823723229 0.033203125 0.07907742998352554
0 0.5029296875 0.12108731466227347 0.025390625 0.0642504118616145
0 0.15478515625 0.5205930807248764 0.0400390625 0.08237232289950577
0 0.3291015625 0.3780889621087315 0.033203125 0.06754530477759473
0 0.31201171875 0.542009884678748 0.0400390625 0.10214168039538715
0 0.4423828125 0.37479406919275127 0.03125 0.057660626029654036
0 0.51318359375 0.35502471169686983 0.0302734375 0.07413509060955518
0 0.4580078125 0.5395387149917628 0.0390625 0.08731466227347612
0 0.5654296875 0.10543657331136738 0.02734375 0.06919275123558484
0 0.60888671875 0.0799011532125206 0.0263671875 0.060955518945634266
0 0.6494140625 0.085667215815486 0.0234375 0.05601317957166392
0 0.701171875 0.09390444810543658 0.02734375 0.06260296540362438
0 0.76318359375 0.11367380560131796 0.0283203125 0.05930807248764415
0 0.80322265625 0.11532125205930807 0.0341796875 0.06919275123558484
0 0.90185546875 0.08154859967051072 0.0361328125 0.08072487644151566
0 0.6181640625 0.3319604612850082 0.03125 0.07742998352553541
0 0.6865234375 0.32207578253706753 0.03125 0.07084019769357495
0 0.6220703125 0.4975288303130148 0.041015625 0.09225700164744646
0 0.75390625 0.2883031301482702 0.033203125 0.07248764415156507
0 0.7978515625 0.49176276771004945 0.0390625 0.07742998352553541
0 0.90625 0.44810543657331137 0.04296875 0.085667215815486
