0 0.86083984375 0.4305555555555555 0.0595703125 0.13541666666666666
0 0.8740234375 0.8177083333333333 0.083984375 0.22569444444444442
0 0.689453125 0.5546875 0.095703125 0.21006944444444442
0 0.7177734375 0.3003472222222222 0.0234375 0.048611111111111105
0 0.57421875 0.4288194444444444 0.083984375 0.1736111111111111
0 0.25927734375 0.2361111111111111 0.0322265625 0.06597222222222222
0 0.361328125 0.20920138888888887 0.025390625 0.057291666666666664
0 0.46044921875 0.5963541666666666 0.0576171875 0.12326388888888888
0 0.47265625 0.3671875 0.03125 0.08506944444444443
0 0.458984375 0.42013888888888884 0.025390625 0.06597222222222222
0 0.41552734375 0.4392361111111111 0.0322265625 0.06944444444444445
0 0.21142578125 0.3315972222222222 0.0576171875 0.24652777777777776
0 0.3662109375 0.49479166666666663 0.06640625 0.11805555555555555
