0 0.7685546875 0.2716400911161731 0.064453125 0.09908883826879271
0 0.86181640625 0.2938496583143508 0.0380859375 0.06605922551252848
0 0.2763671875 0.2733485193621868 0.1796875 0.27107061503416857
0 0.06982421875 0.2596810933940774 0.0732421875 0.15489749430523916
0 0.23583984375 0.05239179954441913 0.0302734375 0.04783599088838269
0 0.19921875 0.05239179954441913 0.033203125 0.04328018223234624
0 0.46923828125 0.10876993166287015 0.0263671875 0.03530751708428246
0 0.95703125 0.30068337129840544 0.01953125 0.03416856492027335
0 0.5380859375 0.2767653758542141 0.033203125 0.0592255125284738
0 0.66064453125 0.2716400911161731 0.0244140625 0.04214123006833713
0 0.8056640625 0.1828018223234624 0.013671875 0.02164009111617312
0 0.853515625 0.1788154897494305 0.01171875 0.01594533029612756
0 0.89013671875 0.19646924829157175 0.0107421875 0.019362186788154895
0 0.92578125 0.20330296127562641 0.01171875 0.017084282460136675
0 0.9033203125 0.18564920273348517 0.0078125 0.01366742596810934
0 0.97900390625 0.2061503416856492 0.0087890625 0.01366742596810934
0 0.99072265625 0.20045558086560364 0.0087890625 0.01366742596810934
0 0.9619140625 0.16287015945330297 0.005859375 0.01366742596810934
0 0.9501953125 0.16002277904328016 0.0078125 0.01480637813211845
0 0.8837890625 0.1765375854214123 0.0078125 0.01366742596810934
0 0.81640625 0.16002277904328016 0.009765625 0.017084282460136675
0 0.75439453125 0.17482915717539863 0.0126953125 0.02164009111617312
0 0.71728515625 0.17482915717539863 0.0146484375 0.023917995444191344
0 0.69384765625 0.1662870159453303 0.0166015625 0.02277904328018223
0 0.60888671875 0.15774487471526194 0.0146484375 0.019362186788154895
0 0.96240234375 0.2112756264236902 0.0126953125 0.019362186788154895
