0 0.03515625 0.23387096774193547 0.03515625 0.054252199413489736
0 0.30615234375 0.250733137829912 0.0263671875 0.05865102639296188
0 0.27294921875 0.21480938416422288 0.0185546875 0.039589442815249266
0 0.15234375 0.2844574780058651 0.021484375 0.04398826979472141
0 0.43408203125 0.2602639296187683 0.0380859375 0.06304985337243402
0 0.53076171875 0.24780058651026393 0.0224609375 0.04105571847507331
0 0.49755859375 0.2221407624633431 0.0185546875 0.030791788856304986
0 0.63525390625 0.23020527859237536 0.0205078125 0.04105571847507331
0 0.7353515625 0.1935483870967742 0.025390625 0.04398826979472141
0 0.794921875 0.26832844574780057 0.017578125 0.02932551319648094
0 0.9599609375 0.19501466275659823 0.017578125 0.04398826979472141
0 0.35302734375 0.23313782991202345 0.0244140625 0.04398826979472141
0 0.47900390625 0.22580645161290322 0.0146484375 0.02932551319648094
0 0.4609375 0.24413489736070382 0.01171875 0.024926686217008796
0 0.18798828125 0.2785923753665689 0.0166015625 0.03225806451612903
