0 0.8134765625 0.166015625 0.052734375 0.0390625
0 0.974609375 0.12044270833333333 0.04296875 0.029947916666666664
0 0.88232421875 0.0517578125 0.0361328125 0.031901041666666664
0 0.46337890625 0.10904947916666666 0.1142578125 0.08528645833333333
0 0.208984375 0.10123697916666666 0.126953125 0.07486979166666666
0 0.669921875 0.16666666666666666 0.046875 0.0390625
0 0.5576171875 0.1552734375 0.037109375 0.030598958333333332
0 0.70654296875 0.09635416666666666 0.0283203125 0.026041666666666664
0 0.79248046875 0.13020833333333331 0.0400390625 0.03515625
0 0.7548828125 0.15983072916666666 0.046875 0.039713541666666664
0 0.65869140625 0.1240234375 0.0498046875 0.03450520833333333
0 0.9765625 0.20442708333333331 0.046875 0.03645833333333333
