0 0.1611328125 0.6140988372093024 0.017578125 0.06831395348837209
0 0.8212890625 0.34375 0.015625 0.03343023255813953
0 0.806640625 0.33502906976744184 0.013671875 0.030523255813953487
0 0.7626953125 0.33066860465116277 0.017578125 0.03343023255813953
0 0.70947265625 0.3539244186046512 0.0166015625 0.03924418604651163
0 0.73681640625 0.3372093023255814 0.0126953125 0.026162790697674417
0 0.67724609375 0.37136627906976744 0.0166015625 0.03343023255813953
0 0.63134765625 0.37790697674418605 0.0166015625 0.03488372093023256
0 0.58837890625 0.38226744186046513 0.0166015625 0.03488372093023256
0 0.6630859375 0.3059593023255814 0.01171875 0.024709302325581394
0 0.6806640625 0.31468023255813954 0.009765625 0.02180232558139535
0 0.5703125 0.3684593023255814 0.015625 0.030523255813953487
0 0.08349609375 0.4309593023255814 0.0146484375 0.027616279069767442
0 0.07080078125 0.32049418604651164 0.0146484375 0.024709302325581394
0 0.091796875 0.29723837209302323 0.01171875 0.024709302325581394
0 0.1025390625 0.33502906976744184 0.01171875 0.024709302325581394
0 0.265625 0.34156976744186046 0.009765625 0.023255813953488372
0 0.28271484375 0.3234011627906977 0.0107421875 0.024709302325581394
0 0.29833984375 0.3495639534883721 0.0146484375 0.03343023255813953
0 0.32080078125 0.38226744186046513 0.0166015625 0.0436046511627907
0 0.373046875 0.37209302325581395 0.015625 0.0377906976744186
0 0.40087890625 0.37281976744186046 0.0185546875 0.036337209302325583
0 0.46142578125 0.34375 0.0166015625 0.04215116279069767
0 0.52734375 0.38226744186046513 0.015625 0.03197674418604651
0 0.28515625 0.40334302325581395 0.021484375 0.03924418604651163
0 0.23828125 0.3626453488372093 0.013671875 0.036337209302325583
0 0.20263671875 0.3793604651162791 0.0205078125 0.0377906976744186
0 0.17431640625 0.3502906976744186 0.0205078125 0.029069767441860465
0 0.31494140625 0.32122093023255816 0.0107421875 0.020348837209302327
0 0.33984375 0.34156976744186046 0.01171875 0.023255813953488372
0 0.3662109375 0.313953488372093 0.009765625 0.023255813953488372
0 0.392578125 0.3277616279069767 0.01171875 0.027616279069767442
0 0.552734375 0.34011627906976744 0.01171875 0.023255813953488372
0 0.52099609375 0.31976744186046513 0.0126953125 0.023255813953488372
0 0.4873046875 0.3321220930232558 0.009765625 0.0188953488372093
0 0.43115234375 0.34738372093023256 0.0166015625 0.03197674418604651
0 0.453125 0.3495639534883721 0.015625 0.03343023255813953
0 0.32861328125 0.3582848837209302 0.0146484375 0.03343023255813953
0 0.279296875 0.30523255813953487 0.01171875 0.026162790697674417
0 0.42578125 0.313953488372093 0.0078125 0.026162790697674417
0 0.58154296875 0.32122093023255816 0.0087890625 0.023255813953488372
0 0.56396484375 0.3277616279069767 0.0068359375 0.024709302325581394
0 0.615234375 0.3379360465116279 0.01171875 0.030523255813953487
