0 0.8701171875 0.32474874371859297 0.015625 0.028894472361809045
0 0.8681640625 0.3008793969849246 0.01171875 0.013819095477386936
0 0.9443359375 0.31721105527638194 0.009765625 0.01884422110552764
0 0.9326171875 0.31344221105527637 0.009765625 0.016331658291457288
0 0.6748046875 0.059045226130653265 0.017578125 0.06030150753768844
0 0.326171875 0.0678391959798995 0.03125 0.0678391959798995
0 0.5771484375 0.02701005025125628 0.02734375 0.04648241206030151
0 0.81982421875 0.05402010050251256 0.0068359375 0.017587939698492462
0 0.92138671875 0.07537688442211056 0.0087890625 0.017587939698492462
0 0.951171875 0.07977386934673367 0.0078125 0.01884422110552764
0 0.84375 0.055904522613065326 0.005859375 0.013819095477386936
0 0.71923828125 0.292713567839196 0.0341796875 0.05025125628140704
