0 0.55810546875 0.41063348416289597 0.0224609375 0.018853695324283562
0 0.615234375 0.4023378582202112 0.0234375 0.023378582202111614
0 0.69091796875 0.411764705882353 0.0302734375 0.030165912518853696
0 0.7353515625 0.416289592760181 0.0078125 0.00904977375565611
0 0.873046875 0.06825037707390649 0.021484375 0.023378582202111614
0 0.8935546875 0.033559577677224735 0.01953125 0.018853695324283562
0 0.30517578125 0.05693815987933635 0.0087890625 0.008295625942684766
0 0.4033203125 0.06033182503770739 0.01171875 0.010558069381598794
0 0.37255859375 0.06070889894419306 0.0107421875 0.00980392156862745
0 0.32861328125 0.06184012066365008 0.0087890625 0.007541478129713424
0 0.08447265625 0.18778280542986425 0.0185546875 0.013574660633484163
0 0.134765625 0.18288084464555054 0.017578125 0.01583710407239819
0 0.02294921875 0.18288084464555054 0.0068359375 0.011312217194570135
0 0.1748046875 0.19532428355957768 0.005859375 0.007541478129713424
0 0.203125 0.193815987933635 0.00390625 0.004524886877828055
0 0.048828125 0.19079939668174964 0.0078125 0.007541478129713424
0 0.1171875 0.5622171945701357 0.03515625 0.04147812971342383
0 0.1884765625 0.5984162895927602 0.01171875 0.012820512820512822
0 0.2158203125 0.5976621417797888 0.0078125 0.00980392156862745
0 0.025390625 0.6153846153846154 0.0078125 0.00904977375565611
0 0.66552734375 0.5708898944193062 0.0302734375 0.03619909502262444
0 0.7919921875 0.5889894419306184 0.0234375 0.02262443438914027
0 0.89599609375 0.5799396681749623 0.0263671875 0.025641025641025644
0 0.87353515625 0.5818250377073907 0.0146484375 0.017345399698340876
0 0.73974609375 0.5897435897435898 0.0107421875 0.013574660633484163
0 0.07373046875 0.06523378582202112 0.0146484375 0.014328808446455506
0 0.10693359375 0.058446455505279035 0.0146484375 0.014328808446455506
0 0.15869140625 0.06975867269984917 0.0126953125 0.012820512820512822
0 0.216796875 0.0784313725490196 0.01171875 0.010558069381598794
0 0.0751953125 0.34728506787330315 0.025390625 0.026395173453996983
0 0.13330078125 0.3563348416289593 0.0205078125 0.0248868778280543
0 0.31201171875 0.3721719457013575 0.0146484375 0.01583710407239819
0 0.28662109375 0.3469079939668175 0.0068359375 0.007541478129713424
0 0.2998046875 0.3514328808446456 0.005859375 0.006033182503770739
0 0.3701171875 0.34954751131221723 0.009765625 0.008295625942684766
0 0.34033203125 0.37368024132730016 0.0126953125 0.011312217194570135
0 0.42529296875 0.3721719457013575 0.0107421875 0.014328808446455506
0 0.83154296875 0.49208144796380093 0.0205078125 0.020361990950226245
0 0.83056640625 0.4638009049773756 0.0146484375 0.012066365007541479
0 0.95263671875 0.4947209653092006 0.0244140625 0.027149321266968326
0 0.76904296875 0.4841628959276018 0.0126953125 0.025641025641025644
0 0.39697265625 0.7164404223227753 0.0126953125 0.01809954751131222
0 0.42138671875 0.7107843137254902 0.0126953125 0.014328808446455506
0 0.46240234375 0.7130467571644042 0.0126953125 0.01583710407239819
0 0.25048828125 0.7194570135746606 0.0048828125 0.004524886877828055
0 0.0361328125 0.9185520361990951 0.015625 0.01809954751131222
0 0.1611328125 0.9030920060331825 0.009765625 0.00980392156862745
0 0.13818359375 0.8925339366515838 0.0048828125 0.005279034690799397
0 0.32275390625 0.8774509803921569 0.0205078125 0.018853695324283562
0 0.36181640625 0.8902714932126697 0.0185546875 0.018853695324283562
0 0.41357421875 0.8914027149321267 0.0126953125 0.012066365007541479
0 0.47607421875 0.885369532428356 0.0126953125 0.012066365007541479
0 0.44091796875 0.8951734539969834 0.0087890625 0.012066365007541479
0 0.46728515625 0.8921568627450981 0.0068359375 0.007541478129713424
0 0.72705078125 0.8137254901960784 0.0400390625 0.03619909502262444
0 0.6337890625 0.8382352941176471 0.029296875 0.026395173453996983
0 0.66064453125 0.8340874811463047 0.0146484375 0.015082956259426848
0 0.802734375 0.8310708898944194 0.0390625 0.037707390648567124
0 0.77001953125 0.8389894419306184 0.0146484375 0.018853695324283562
0 0.9072265625 0.8333333333333334 0.005859375 0.012066365007541479
0 0.91552734375 0.8374811463046757 0.0087890625 0.011312217194570135
0 0.22900390625 0.23491704374057315 0.0107421875 0.00980392156862745
0 0.25830078125 0.23453996983408748 0.0068359375 0.00904977375565611
0 0.24365234375 0.22888386123680243 0.0068359375 0.008295625942684766
0 0.384765625 0.24057315233785823 0.01171875 0.010558069381598794
0 0.40380859375 0.23529411764705882 0.0107421875 0.010558069381598794
0 0.46240234375 0.252262443438914 0.0166015625 0.01583710407239819
0 0.3466796875 0.23680241327300153 0.0078125 0.00904977375565611
0 0.2763671875 0.22699849170437406 0.005859375 0.007541478129713424
0 0.478515625 0.248868778280543 0.01171875 0.013574660633484163
0 0.48193359375 0.23152337858220212 0.0087890625 0.00904977375565611
0 0.494140625 0.22963800904977377 0.005859375 0.006787330316742082
0 0.61474609375 0.5957767722473605 0.0224609375 0.025641025641025644
0 0.30908203125 0.5116892911010559 0.0087890625 0.012820512820512822
0 0.361328125 0.5113122171945702 0.015625 0.015082956259426848
0 0.27294921875 0.5109351432880845 0.0068359375 0.008295625942684766
0 0.23974609375 0.5109351432880845 0.0068359375 0.008295625942684766
0 0.43017578125 0.5211161387631976 0.0068359375 0.007541478129713424
0 0.40380859375 0.5226244343891403 0.0068359375 0.007541478129713424
0 0.0537109375 0.8936651583710408 0.00390625 0.006033182503770739
0 0.3310546875 0.7205882352941176 0.00390625 0.005279034690799397
0 0.54052734375 0.7130467571644042 0.0087890625 0.00980392156862745
0 0.5849609375 0.29260935143288086 0.00390625 0.004524886877828055
0 0.54541015625 0.28431372549019607 0.0029296875 0.007541478129713424
0 0.89111328125 0.2684766214177979 0.0029296875 0.004524886877828055
0 0.7421875 0.28883861236802416 0.00390625 0.006033182503770739
0 0.763671875 0.28883861236802416 0.00390625 0.007541478129713424
0 0.78369140625 0.2858220211161388 0.0029296875 0.006033182503770739
0 0.62646484375 0.2956259426847662 0.0029296875 0.0030165912518853697
0 0.6328125 0.3103318250377074 0.005859375 0.005279034690799397
0 0.6943359375 0.20625942684766216 0.00390625 0.003770739064856712
0 0.822265625 0.251131221719457 0.00390625 0.004524886877828055
0 0.5263671875 0.30731523378582204 0.00390625 0.005279034690799397
0 0.61669921875 0.29751131221719457 0.0029296875 0.003770739064856712
0 0.65185546875 0.2944947209653092 0.0048828125 0.005279034690799397
0 0.6455078125 0.3129713423831071 0.005859375 0.004524886877828055
0 0.18798828125 0.3657616892911011 0.0068359375 0.006033182503770739
0 0.0146484375 0.5999245852187028 0.0078125 0.00980392156862745
0 0.58251953125 0.8495475113122173 0.0126953125 0.011312217194570135
