0 0.47021484375 0.34026128266033256 0.0205078125 0.04156769596199525
0 0.953125 0.37232779097387175 0.017578125 0.048693586698337295
0 0.955078125 0.5356294536817102 0.025390625 0.05938242280285036
0 0.70166015625 0.6781472684085511 0.0087890625 0.0166270783847981
0 0.7197265625 0.663895486935867 0.009765625 0.014251781472684086
0 0.8515625 0.6852731591448932 0.009765625 0.011876484560570073
0 0.27099609375 0.7731591448931117 0.0126953125 0.02137767220902613
0 0.53857421875 0.8580760095011877 0.0107421875 0.015439429928741094
0 0.54150390625 0.8123515439429929 0.0107421875 0.019002375296912115
0 0.4296875 0.6336104513064134 0.013671875 0.022565320665083138
0 0.46875 0.6668646080760096 0.0078125 0.013064133016627079
0 0.78125 0.6728028503562946 0.009765625 0.017814726840855107
0 0.9873046875 0.4483372921615202 0.02734375 0.07719714964370547
0 0.9873046875 0.3598574821852732 0.02734375 0.05938242280285036
0 0.2509765625 0.6347980997624704 0.0078125 0.017814726840855107
0 0.30859375 0.6425178147268409 0.009765625 0.019002375296912115
0 0.81201171875 0.4097387173396675 0.0341796875 0.04750593824228029
0 0.828125 0.6425178147268409 0.009765625 0.014251781472684086
0 0.8662109375 0.6882422802850356 0.0078125 0.00831353919239905
0 0.873046875 0.6876484560570072 0.005859375 0.009501187648456057
0 0.82568359375 0.6882422802850356 0.0126953125 0.015439429928741094
0 0.0400390625 0.5255344418052257 0.00390625 0.00831353919239905
0 0.04443359375 0.5273159144893111 0.0029296875 0.007125890736342043
0 0.03515625 0.5213776722090262 0.00390625 0.007125890736342043
