0 0.2275390625 0.24160671462829736 0.0546875 0.08752997601918465
0 0.06201171875 0.3171462829736211 0.0537109375 0.07314148681055155
0 0.84228515625 0.30335731414868106 0.0126953125 0.019184652278177457
0 0.9384765625 0.5047961630695443 0.021484375 0.03357314148681055
0 0.962890625 0.4640287769784172 0.01953125 0.02398081534772182
0 0.86083984375 0.42446043165467623 0.0263671875 0.04556354916067146
0 0.41748046875 0.25359712230215825 0.0634765625 0.08992805755395683
0 0.59423828125 0.34772182254196643 0.1142578125 0.2158273381294964
0 0.73388671875 0.3237410071942446 0.0400390625 0.0671462829736211
0 0.01611328125 0.35071942446043164 0.0263671875 0.04676258992805755
