0 0.2978515625 0.212298682284041 0.0234375 0.043923865300146414
0 0.5234375 0.37774524158125916 0.033203125 0.07906295754026355
0 0.7216796875 0.2518301610541728 0.025390625 0.06442166910688141
0 0.345703125 0.383601756954612 0.068359375 0.1376281112737921
0 0.498046875 0.5483162518301611 0.083984375 0.14202049780380674
0 0.79736328125 0.369692532942899 0.0654296875 0.14494875549048317
0 0.29345703125 0.48975109809663253 0.0419921875 0.1800878477306003
0 0.359375 0.2525622254758419 0.052734375 0.0951683748169839
0 0.6640625 0.43923865300146414 0.0625 0.13177159590043924
0 0.6240234375 0.24158125915080528 0.03125 0.06442166910688141
0 0.44482421875 0.2781844802342606 0.0419921875 0.06442166910688141
0 0.46337890625 0.253294289897511 0.0400390625 0.07613469985358712
0 0.39013671875 0.21010248901903367 0.0263671875 0.05710102489019034
0 0.875 0.35724743777452417 0.044921875 0.11420204978038068
0 0.93994140625 0.3689604685212299 0.0302734375 0.06734992679355783
0 0.48974609375 0.37774524158125916 0.0478515625 0.1171303074670571
0 0.38916015625 0.3689604685212299 0.0458984375 0.12298682284040996
0 0.5048828125 0.24963396778916547 0.0234375 0.060029282576866766
0 0.498046875 0.18228404099560763 0.0234375 0.03953147877013177
