0 0.4716796875 0.3841176470588235 0.296875 0.4552941176470588
0 0.17626953125 0.4629411764705882 0.0478515625 0.08588235294117647
0 0.2548828125 0.11823529411764705 0.037109375 0.06
0 0.13525390625 0.15 0.0166015625 0.04352941176470588
0 0.6982421875 0.14588235294117646 0.01953125 0.03294117647058823
0 0.6494140625 0.10411764705882352 0.013671875 0.024705882352941175
0 0.6953125 0.10058823529411764 0.01171875 0.019999999999999997
0 0.7333984375 0.10823529411764705 0.013671875 0.023529411764705882
0 0.71923828125 0.15470588235294117 0.0146484375 0.027058823529411764
0 0.76904296875 0.09470588235294117 0.0283203125 0.05294117647058823
