0 0.42529296875 0.8196614583333333 0.0087890625 0.01953125
0 0.4423828125 0.8365885416666666 0.013671875 0.022135416666666664
0 0.48486328125 0.8190104166666666 0.0126953125 0.0234375
0 0.470703125 0.8040364583333333 0.009765625 0.016927083333333332
0 0.55615234375 0.8157552083333333 0.0087890625 0.01953125
0 0.55224609375 0.81640625 0.0087890625 0.020833333333333332
0 0.47021484375 0.755859375 0.0048828125 0.009114583333333332
0 0.3916015625 0.8157552083333333 0.013671875 0.022135416666666664
0 0.31103515625 0.8111979166666666 0.0107421875 0.018229166666666664
0 0.59326171875 0.79296875 0.0107421875 0.018229166666666664
