0 0.09130859375 0.39085545722713866 0.0322265625 0.061946902654867256
0 0.1728515625 0.359882005899705 0.025390625 0.05014749262536873
0 0.236328125 0.3407079646017699 0.0234375 0.05309734513274336
0 0.2744140625 0.37610619469026546 0.0234375 0.05014749262536873
0 0.34375 0.3561946902654867 0.0234375 0.045722713864306784
0 0.412109375 0.35103244837758113 0.021484375 0.035398230088495575
0 0.4423828125 0.35914454277286134 0.021484375 0.045722713864306784
0 0.50927734375 0.3525073746312684 0.0224609375 0.038348082595870206
0 0.5634765625 0.35766961651917406 0.01953125 0.048672566371681415
0 0.59033203125 0.35914454277286134 0.0224609375 0.05752212389380531
0 0.6240234375 0.3525073746312684 0.021484375 0.05014749262536873
0 0.19775390625 0.5361356932153393 0.0283203125 0.05457227138643068
0 0.66015625 0.37610619469026546 0.0234375 0.05014749262536873
0 0.5947265625 0.5066371681415929 0.025390625 0.05457227138643068
0 0.4990234375 0.49041297935103245 0.02734375 0.06342182890855458
0 0.412109375 0.5117994100294985 0.02734375 0.05604719764011799
0 0.296875 0.5 0.029296875 0.05604719764011799
0 0.677734375 0.3466076696165192 0.021484375 0.035398230088495575
0 0.70166015625 0.3724188790560472 0.0224609375 0.045722713864306784
0 0.732421875 0.37315634218289084 0.0234375 0.05309734513274336
0 0.7666015625 0.3554572271386431 0.021484375 0.04424778761061947
0 0.80224609375 0.37315634218289084 0.0244140625 0.058997050147492625
0 0.86376953125 0.3746312684365782 0.0244140625 0.05014749262536873
0 0.880859375 0.5221238938053098 0.02734375 0.06784660766961652
0 0.8076171875 0.5471976401179941 0.02734375 0.05309734513274336
0 0.693359375 0.5088495575221239 0.02734375 0.05309734513274336
