0 0.9287109375 0.5014556040756915 0.029296875 0.0713245997088792
0 0.2158203125 0.40611353711790393 0.05859375 0.12227074235807861
0 0.400390625 0.17758369723435227 0.03515625 0.06986899563318777
0 0.5146484375 0.17540029112081515 0.03125 0.06550218340611354
0 0.5908203125 0.22416302765647744 0.0234375 0.06404657933042213
0 0.45849609375 0.4119359534206696 0.0634765625 0.18340611353711792
0 0.51171875 0.4126637554585153 0.068359375 0.13828238719068414
0 0.54931640625 0.45997088791848617 0.0361328125 0.07569141193595343
0 0.68701171875 0.46797671033478894 0.0771484375 0.16157205240174674
0 0.77001953125 0.4963609898107715 0.0517578125 0.10480349344978167
0 0.68896484375 0.28457059679767105 0.0224609375 0.053857350800582245
0 0.76025390625 0.2510917030567686 0.0283203125 0.06550218340611354
0 0.87744140625 0.2918486171761281 0.0263671875 0.053857350800582245
0 0.7001953125 0.48981077147016017 0.064453125 0.1324599708879185
