0 0.33447265625 0.3413258110014104 0.1162109375 0.18053596614950634
0 0.47021484375 0.5225669957686883 0.0986328125 0.1847672778561354
0 0.583984375 0.4703808180535966 0.087890625 0.17348377997179126
0 0.92236328125 0.47461212976022565 0.0166015625 0.03244005641748942
0 0.8525390625 0.8822284908321579 0.005859375 0.015514809590973202
0 0.87646484375 0.8730606488011283 0.0068359375 0.01692524682651622
0 0.9033203125 0.8970380818053596 0.005859375 0.014104372355430182
0 0.85400390625 0.9322990126939351 0.0068359375 0.01692524682651622
0 0.8828125 0.9414668547249647 0.0078125 0.015514809590973202
0 0.787109375 0.4330042313117066 0.00390625 0.00846262341325811
