0 0.08447265625 0.34449244060475165 0.0185546875 0.06695464362850972
0 0.1220703125 0.296976241900648 0.0234375 0.0755939524838013
0 0.17724609375 0.306695464362851 0.0263671875 0.07775377969762419
0 0.2392578125 0.306695464362851 0.017578125 0.07775377969762419
0 0.25390625 0.3228941684665227 0.021484375 0.07127429805615551
0 0.30224609375 0.27105831533477326 0.0146484375 0.06695464362850972
0 0.33740234375 0.2840172786177106 0.0224609375 0.06263498920086394
0 0.4189453125 0.3120950323974082 0.01953125 0.07127429805615551
0 0.45263671875 0.29265658747300216 0.0283203125 0.0755939524838013
0 0.501953125 0.19438444924406048 0.01171875 0.08207343412526999
0 0.54736328125 0.20734341252699784 0.0166015625 0.06911447084233262
0 0.64599609375 0.22570194384449246 0.0166015625 0.07127429805615551
0 0.71923828125 0.26133909287257023 0.0263671875 0.09071274298056156
0 0.83349609375 0.3174946004319655 0.0283203125 0.07775377969762419
0 0.765625 0.26889848812095035 0.0234375 0.09287257019438445
0 0.9130859375 0.22138228941684668 0.03125 0.08855291576673867
0 0.92236328125 0.14470842332613393 0.0322265625 0.08207343412526999
0 0.33984375 0.898488120950324 0.017578125 0.05183585313174946
