0 0.88427734375 0.0556640625 0.0908203125 0.072265625
0 0.775390625 0.1162109375 0.09375 0.072265625
0 0.52880859375 0.1103515625 0.0849609375 0.080078125
0 0.255859375 0.0908203125 0.099609375 0.111328125
0 0.279296875 0.5950520833333333 0.10546875 0.1171875
0 0.45556640625 0.6321614583333333 0.0908203125 0.08984375
0 0.7900390625 0.6149088541666666 0.087890625 0.080078125
0 0.95703125 0.6673177083333333 0.087890625 0.0625
0 0.443359375 0.26432291666666663 0.099609375 0.08984375
0 0.11572265625 0.0478515625 0.0908203125 0.080078125
0 0.1123046875 0.09635416666666666 0.0703125 0.1015625
0 0.373046875 0.6578776041666666 0.08203125 0.076171875
