0 0.064453125 0.09068627450980392 0.025390625 0.036274509803921565
0 0.1103515625 0.11568627450980393 0.02734375 0.029411764705882353
0 0.23291015625 0.16372549019607843 0.0283203125 0.0392156862745098
0 0.2421875 0.10686274509803921 0.02734375 0.0392156862745098
0 0.32763671875 0.13578431372549019 0.0380859375 0.04607843137254902
0 0.38623046875 0.16176470588235295 0.0400390625 0.047058823529411764
0 0.673828125 0.04607843137254902 0.041015625 0.054901960784313725
0 0.74169921875 0.08872549019607844 0.0400390625 0.05980392156862745
0 0.75439453125 0.4377450980392157 0.0322265625 0.044117647058823525
0 0.8037109375 0.40931372549019607 0.041015625 0.05
0 0.2236328125 0.7911764705882353 0.017578125 0.021568627450980392
0 0.3486328125 0.7852941176470588 0.015625 0.023529411764705882
0 0.64111328125 0.8397058823529412 0.0439453125 0.05392156862745098
