0 0.61865234375 0.515 0.0576171875 0.06111111111111111
0 0.50830078125 0.5033333333333333 0.0615234375 0.07555555555555556
0 0.328125 0.5311111111111111 0.052734375 0.06888888888888889
0 0.1689453125 0.5383333333333333 0.0625 0.07444444444444444
0 0.21630859375 0.4083333333333333 0.0439453125 0.04777777777777778
0 0.384765625 0.37 0.044921875 0.04666666666666667
0 0.52783203125 0.17722222222222223 0.0478515625 0.06111111111111111
0 0.66796875 0.2922222222222222 0.044921875 0.05555555555555555
0 0.79345703125 0.2811111111111111 0.0498046875 0.057777777777777775
0 0.90234375 0.45666666666666667 0.0625 0.06888888888888889
0 0.75634765625 0.4711111111111111 0.0576171875 0.07555555555555556
