0 0.0849609375 0.6038514442916093 0.017578125 0.03301237964236589
0 0.11083984375 0.6031636863823934 0.0166015625 0.03163686382393398
0 0.14306640625 0.5969738651994498 0.0146484375 0.03301237964236589
0 0.1650390625 0.6196698762035764 0.017578125 0.03163686382393398
0 0.203125 0.5914718019257221 0.017578125 0.03576341127922971
0 0.240234375 0.5976616231086658 0.01953125 0.03163686382393398
0 0.15869140625 0.5680880330123796 0.0126953125 0.024759284731774415
0 0.228515625 0.5605226960110041 0.013671875 0.023383768913342505
0 0.25146484375 0.5605226960110041 0.0126953125 0.017881705639614855
0 0.00634765625 0.45598349381017883 0.0107421875 0.02888583218707015
0 0.18505859375 0.5453920220082531 0.0107421875 0.017881705639614855
0 0.37548828125 0.23039889958734525 0.0400390625 0.06189821182943604
0 0.5244140625 0.4511691884456671 0.01953125 0.04126547455295736
0 0.455078125 0.6134800550206327 0.01953125 0.03301237964236589
0 0.4541015625 0.5708390646492435 0.017578125 0.030261348005502064
0 0.4892578125 0.561898211829436 0.015625 0.0343878954607978
0 0.501953125 0.5722145804676754 0.015625 0.030261348005502064
0 0.595703125 0.5522696011004127 0.017578125 0.03163686382393398
0 0.59912109375 0.6011004126547456 0.0166015625 0.030261348005502064
0 0.646484375 0.578404401650619 0.017578125 0.03163686382393398
0 0.66455078125 0.5048143053645117 0.0146484375 0.027510316368638238
0 0.64208984375 0.4649243466299863 0.0166015625 0.027510316368638238
0 0.59375 0.4188445667125172 0.01171875 0.02063273727647868
0 0.5087890625 0.45873452544704263 0.0078125 0.015130674002751032
0 0.68896484375 0.4195323246217332 0.0146484375 0.030261348005502064
0 0.697265625 0.5852819807427786 0.017578125 0.02888583218707015
0 0.5615234375 0.4360385144429161 0.009765625 0.016506189821182946
0 0.6162109375 0.38720770288858325 0.013671875 0.02063273727647868
0 0.5732421875 0.45873452544704263 0.015625 0.026134800550206328
0 0.611328125 0.44154057771664373 0.01171875 0.02200825309491059
0 0.88427734375 0.5928473177441541 0.0205078125 0.03851444291609354
0 0.8740234375 0.5584594222833562 0.017578125 0.030261348005502064
0 0.8642578125 0.5433287482806052 0.013671875 0.024759284731774415
0 0.87158203125 0.5130674002751032 0.0146484375 0.02200825309491059
0 0.90869140625 0.5206327372764787 0.0185546875 0.02888583218707015
0 0.931640625 0.5192572214580468 0.017578125 0.0343878954607978
0 0.94140625 0.578404401650619 0.0234375 0.03988995873452545
0 0.9873046875 0.5591471801925723 0.021484375 0.037138927097661624
0 0.97265625 0.5275103163686382 0.015625 0.02888583218707015
0 0.9619140625 0.5240715268225584 0.017578125 0.03576341127922971
0 0.056640625 0.6196698762035764 0.015625 0.026134800550206328
0 0.0283203125 0.6788170563961485 0.01171875 0.02063273727647868
0 0.0576171875 0.5983493810178817 0.015625 0.030261348005502064
0 0.03857421875 0.6107290233837689 0.0107421875 0.02200825309491059
