0 0.1865234375 0.20833333333333331 0.05859375 0.11842105263157894
0 0.240234375 0.14035087719298245 0.060546875 0.11403508771929824
0 0.26806640625 0.06432748538011696 0.0556640625 0.11403508771929824
0 0.35009765625 0.21710526315789472 0.0556640625 0.10380116959064327
0 0.42578125 0.18128654970760233 0.0546875 0.10818713450292397
0 0.47705078125 0.07163742690058479 0.0576171875 0.1286549707602339
0 0.57080078125 0.30116959064327486 0.0595703125 0.09064327485380116
0 0.77734375 0.1907894736842105 0.052734375 0.11257309941520467
0 0.7998046875 0.49634502923976603 0.0625 0.13011695906432746
0 0.0068359375 0.28728070175438597 0.01171875 0.0804093567251462
