0 0.41748046875 0.1967370441458733 0.0517578125 0.16314779270633398
0 0.58447265625 0.4798464491362764 0.0283203125 0.10364683301343569
0 0.462890625 0.4961612284069098 0.05078125 0.12092130518234165
0 0.76220703125 0.4568138195777351 0.0458984375 0.12284069097888675
0 0.93310546875 0.6727447216890595 0.0419921875 0.10556621880998081
0 0.126953125 0.9625719769673704 0.015625 0.04030710172744722
0 0.0791015625 0.956813819577735 0.013671875 0.04030710172744722
0 0.13671875 0.9280230326295585 0.017578125 0.04798464491362764
0 0.181640625 0.9798464491362764 0.015625 0.036468330134357005
0 0.2314453125 0.927063339731286 0.013671875 0.030710172744721688
0 0.26318359375 0.9481765834932822 0.0146484375 0.03838771593090211
0 0.26025390625 0.8944337811900192 0.0126953125 0.0345489443378119
0 0.22607421875 0.8877159309021113 0.0126953125 0.036468330134357005
0 0.185546875 0.8598848368522073 0.013671875 0.0345489443378119
0 0.23046875 0.8531669865642993 0.01171875 0.03262955854126679
0 0.26123046875 0.8723608445297505 0.0126953125 0.03262955854126679
0 0.24365234375 0.8224568138195777 0.0087890625 0.02879078694817658
0 0.2236328125 0.7514395393474088 0.01171875 0.02879078694817658
0 0.1435546875 0.8570057581573896 0.01171875 0.02879078694817658
0 0.04833984375 0.8666026871401151 0.0107421875 0.02495201535508637
0 0.03515625 0.9222648752399232 0.009765625 0.02879078694817658
0 0.06787109375 0.7955854126679462 0.0107421875 0.02879078694817658
0 0.064453125 0.7658349328214971 0.01171875 0.026871401151631478
0 0.02099609375 0.7504798464491362 0.0087890625 0.023032629558541268
0 0.02099609375 0.8752399232245681 0.0087890625 0.026871401151631478
0 0.13720703125 0.7696737044145873 0.0087890625 0.026871401151631478
0 0.11962890625 0.7706333973128598 0.0107421875 0.02879078694817658
0 0.0849609375 0.7428023032629558 0.009765625 0.026871401151631478
0 0.0751953125 0.90978886756238 0.01171875 0.030710172744721688
0 0.09326171875 0.9452975047984644 0.0126953125 0.03262955854126679
0 0.15673828125 0.8176583493282149 0.0126953125 0.0345489443378119
0 0.15380859375 0.7418426103646832 0.0107421875 0.02879078694817658
0 0.21142578125 0.7840690978886756 0.0107421875 0.02495201535508637
0 0.1787109375 0.7888675623800384 0.009765625 0.026871401151631478
0 0.10107421875 0.8378119001919385 0.0126953125 0.02879078694817658
0 0.2685546875 0.8282149712092131 0.01171875 0.03262955854126679
0 0.3056640625 0.946257197696737 0.015625 0.03838771593090211
0 0.29541015625 0.9145873320537428 0.0126953125 0.03262955854126679
0 0.310546875 0.8944337811900192 0.013671875 0.03838771593090211
0 0.18994140625 0.7024952015355086 0.0087890625 0.026871401151631478
0 0.03369140625 0.9606525911708254 0.0126953125 0.03262955854126679
0 0.13525390625 0.836852207293666 0.0107421875 0.030710172744721688
0 0.1416015625 0.6900191938579654 0.009765625 0.02879078694817658
0 0.1123046875 0.7044145873320538 0.009765625 0.026871401151631478
0 0.17529296875 0.8905950095969289 0.0146484375 0.03838771593090211
0 0.04345703125 0.6871401151631478 0.0107421875 0.026871401151631478
0 0.07421875 0.6900191938579654 0.009765625 0.02879078694817658
0 0.09033203125 0.5998080614203455 0.0107421875 0.02495201535508637
0 0.2060546875 0.6775431861804222 0.0078125 0.023032629558541268
0 0.10888671875 0.8138195777351247 0.0126953125 0.0345489443378119
0 0.24853515625 0.7610364683301343 0.0107421875 0.02495201535508637
0 0.2861328125 0.8032629558541267 0.009765625 0.02495201535508637
0 0.3046875 0.7898272552783109 0.0078125 0.02495201535508637
0 0.181640625 0.7514395393474088 0.0078125 0.02111324376199616
