0 0.7109375 0.10788690476190475 0.017578125 0.03125
0 0.79541015625 0.09226190476190475 0.0244140625 0.04464285714285714
0 0.40869140625 0.07366071428571429 0.0146484375 0.025297619047619048
0 0.3544921875 0.1056547619047619 0.01171875 0.017857142857142856
0 0.3173828125 0.07217261904761904 0.015625 0.025297619047619048
0 0.07470703125 0.06026785714285714 0.0166015625 0.03422619047619047
0 0.14111328125 0.07366071428571429 0.0224609375 0.043154761904761904
0 0.181640625 0.06547619047619047 0.0234375 0.03869047619047619
0 0.2255859375 0.04613095238095238 0.015625 0.026785714285714284
0 0.2490234375 0.06994047619047619 0.0234375 0.03273809523809523
0 0.02490234375 0.040178571428571425 0.0068359375 0.011904761904761904
0 0.0419921875 0.05357142857142857 0.0078125 0.011904761904761904
0 0.1123046875 0.07217261904761904 0.015625 0.025297619047619048
0 0.6416015625 0.07663690476190475 0.009765625 0.016369047619047616
0 0.76953125 0.13839285714285712 0.005859375 0.01488095238095238
0 0.75927734375 0.11011904761904762 0.0087890625 0.01488095238095238
0 0.74169921875 0.11160714285714285 0.0068359375 0.011904761904761904
0 0.7314453125 0.1056547619047619 0.009765625 0.017857142857142856
0 0.3896484375 0.39211309523809523 0.03515625 0.049107142857142856
0 0.53271484375 0.2663690476190476 0.0322265625 0.05654761904761904
0 0.44921875 0.07663690476190475 0.0234375 0.040178571428571425
0 0.517578125 0.09821428571428571 0.013671875 0.023809523809523808
0 0.54345703125 0.11458333333333333 0.0146484375 0.023809523809523808
0 0.58154296875 0.08035714285714285 0.0166015625 0.03571428571428571
0 0.64794921875 0.12202380952380952 0.0126953125 0.026785714285714284
0 0.68701171875 0.11607142857142856 0.0146484375 0.02976190476190476
0 0.0087890625 0.019345238095238096 0.01171875 0.017857142857142856
0 0.55224609375 0.09449404761904762 0.0107421875 0.019345238095238096
0 0.56396484375 0.07886904761904762 0.0146484375 0.023809523809523808
0 0.82568359375 0.10267857142857142 0.0185546875 0.026785714285714284
0 0.4287109375 0.08630952380952381 0.009765625 0.020833333333333332
0 0.3740234375 0.06919642857142856 0.015625 0.025297619047619048
0 0.353515625 0.06845238095238095 0.01953125 0.020833333333333332
0 0.5 0.10491071428571427 0.005859375 0.010416666666666666
0 0.154296875 0.07142857142857142 0.009765625 0.017857142857142856
0 0.35009765625 0.08854166666666666 0.0087890625 0.010416666666666666
0 0.34228515625 0.1056547619047619 0.0068359375 0.011904761904761904
0 0.33642578125 0.09375 0.0048828125 0.011904761904761904
