0 0.740234375 0.369692532942899 0.01171875 0.027818448023426062
0 0.8046875 0.39824304538799415 0.015625 0.03513909224011713
0 0.81787109375 0.43704245973645683 0.0126953125 0.03367496339677892
0 0.24267578125 0.17642752562225478 0.0205078125 0.027818448023426062
0 0.3349609375 0.1478770131771596 0.017578125 0.032210834553440704
0 0.4140625 0.3601756954612006 0.017578125 0.02635431918008785
0 0.40771484375 0.11346998535871157 0.0166015625 0.027818448023426062
0 0.560546875 0.1478770131771596 0.015625 0.029282576866764276
0 0.48193359375 0.1061493411420205 0.0166015625 0.024890190336749635
0 0.48779296875 0.05490483162518302 0.0146484375 0.027818448023426062
0 0.53662109375 0.01683748169838946 0.0146484375 0.024890190336749635
0 0.55078125 0.06808199121522694 0.009765625 0.01903367496339678
0 0.58447265625 0.01171303074670571 0.0126953125 0.017569546120058566
0 0.7099609375 0.10980966325036604 0.017578125 0.029282576866764276
0 0.86376953125 0.10395314787701318 0.0126953125 0.020497803806734993
0 0.7978515625 0.03587115666178624 0.01171875 0.027818448023426062
0 0.87109375 0.027086383601756955 0.01171875 0.010248901903367497
0 0.01416015625 0.08638360175695461 0.0185546875 0.02342606149341142
0 0.1787109375 0.4868228404099561 0.01953125 0.021961932650073207
0 0.24169921875 0.013909224011713031 0.0146484375 0.01903367496339678
0 0.1611328125 0.02635431918008785 0.017578125 0.02342606149341142
