0 0.13818359375 0.36363636363636365 0.0400390625 0.11818181818181818
0 0.22119140625 0.38636363636363635 0.0419921875 0.11818181818181818
0 0.3095703125 0.36136363636363633 0.04296875 0.12272727272727273
0 0.38427734375 0.2909090909090909 0.0361328125 0.11363636363636363
0 0.43408203125 0.4102272727272727 0.0380859375 0.10681818181818181
0 0.521484375 0.4159090909090909 0.03515625 0.09999999999999999
0 0.5576171875 0.3181818181818182 0.03125 0.08636363636363636
0 0.6064453125 0.3977272727272727 0.041015625 0.10909090909090909
0 0.6845703125 0.3136363636363636 0.041015625 0.11363636363636363
0 0.77001953125 0.3386363636363636 0.0439453125 0.12272727272727273
0 0.8828125 0.38749999999999996 0.044921875 0.125
