0 0.1240234375 0.6871428571428572 0.08203125 0.16
0 0.44921875 0.44 0.103515625 0.19142857142857142
0 0.5712890625 0.3485714285714286 0.0859375 0.1457142857142857
0 0.7763671875 0.39 0.09375 0.15428571428571428
0 0.8037109375 0.6614285714285715 0.078125 0.14285714285714285
0 0.8515625 0.15571428571428572 0.068359375 0.15428571428571428
0 0.701171875 0.20285714285714285 0.068359375 0.13428571428571429
0 0.521484375 0.10714285714285714 0.068359375 0.12571428571428572
0 0.4072265625 0.19285714285714287 0.07421875 0.14857142857142858
0 0.2890625 0.21428571428571427 0.064453125 0.13428571428571429
0 0.224609375 0.4014285714285714 0.068359375 0.13714285714285715
