0 0.1328125 0.3860677083333333 0.0390625 0.06901041666666666
0 0.2587890625 0.39908854166666663 0.037109375 0.06380208333333333
0 0.34814453125 0.42057291666666663 0.0380859375 0.0546875
0 0.44140625 0.41861979166666663 0.03515625 0.05598958333333333
0 0.51806640625 0.427734375 0.0283203125 0.05078125
0 0.5654296875 0.41080729166666663 0.02734375 0.04296875
0 0.615234375 0.42838541666666663 0.03125 0.0546875
0 0.681640625 0.4140625 0.029296875 0.046875
0 0.78173828125 0.41471354166666663 0.0361328125 0.04296875
0 0.85986328125 0.3984375 0.0341796875 0.046875
