0 0.11962890625 0.4429307805596465 0.0634765625 0.05670103092783505
0 0.15234375 0.4256259204712813 0.068359375 0.05891016200294551
0 0.28515625 0.4337260677466863 0.05078125 0.050073637702503684
0 0.3349609375 0.43483063328424154 0.056640625 0.04344624447717231
0 0.4130859375 0.4543446244477172 0.046875 0.05154639175257732
0 0.5146484375 0.446980854197349 0.05078125 0.053019145802650956
0 0.6240234375 0.4156848306332842 0.056640625 0.05522827687776141
0 0.81201171875 0.4024300441826215 0.0576171875 0.05522827687776141
0 0.837890625 0.4267304860088365 0.046875 0.05522827687776141
0 0.9609375 0.4429307805596465 0.0546875 0.04491899852724595
