0 0.0146484375 0.141812865497076 0.02734375 0.07602339181286549
0 0.083984375 0.14473684210526316 0.037109375 0.05555555555555555
0 0.1787109375 0.16154970760233917 0.04296875 0.06871345029239766
0 0.23779296875 0.13742690058479531 0.0380859375 0.05847953216374269
0 0.248046875 0.34429824561403505 0.076171875 0.14766081871345027
0 0.4677734375 0.16812865497076024 0.078125 0.17251461988304093
0 0.6650390625 0.26461988304093564 0.05859375 0.14327485380116958
0 0.80419921875 0.07456140350877193 0.0537109375 0.0847953216374269
0 0.595703125 0.1783625730994152 0.046875 0.07894736842105263
0 0.68603515625 0.10453216374269006 0.0400390625 0.06578947368421052
0 0.73828125 0.16666666666666666 0.044921875 0.06140350877192982
0 0.8974609375 0.10160818713450293 0.04296875 0.06286549707602339
0 0.95361328125 0.11038011695906433 0.0302734375 0.04532163742690058
0 0.9921875 0.07675438596491227 0.015625 0.09210526315789473
0 0.41064453125 0.13961988304093567 0.0322265625 0.054093567251461985
