0 0.71484375 0.24544270833333331 0.173828125 0.2981770833333333
0 0.46826171875 0.14778645833333331 0.0966796875 0.13932291666666666
0 0.498046875 0.75390625 0.029296875 0.049479166666666664
0 0.19189453125 0.7740885416666666 0.0146484375 0.022135416666666664
0 0.17919921875 0.74609375 0.0087890625 0.015625
0 0.20556640625 0.7565104166666666 0.0087890625 0.015625
0 0.263671875 0.783203125 0.0078125 0.016927083333333332
0 0.361328125 0.7317708333333333 0.013671875 0.0234375
0 0.271484375 0.7122395833333333 0.0078125 0.015625
0 0.248046875 0.7259114583333333 0.0078125 0.014322916666666666
0 0.0302734375 0.734375 0.01953125 0.026041666666666664
0 0.15625 0.7825520833333333 0.0078125 0.013020833333333332
0 0.42578125 0.763671875 0.009765625 0.016927083333333332
0 0.19482421875 0.7200520833333333 0.0068359375 0.015625
0 0.17236328125 0.82421875 0.0087890625 0.018229166666666664
0 0.16259765625 0.8079427083333333 0.0087890625 0.016927083333333332
0 0.25390625 0.75 0.009765625 0.015625
0 0.2294921875 0.7200520833333333 0.0078125 0.015625
0 0.23095703125 0.7682291666666666 0.0087890625 0.010416666666666666
0 0.26806640625 0.8190104166666666 0.0087890625 0.015625
0 0.291015625 0.732421875 0.0078125 0.014322916666666666
0 0.18896484375 0.7102864583333333 0.0087890625 0.016927083333333332
0 0.1708984375 0.7278645833333333 0.009765625 0.018229166666666664
0 0.23095703125 0.8170572916666666 0.0107421875 0.016927083333333332
0 0.29150390625 0.7858072916666666 0.0048828125 0.01171875
0 0.2802734375 0.7649739583333333 0.005859375 0.01171875
0 0.2060546875 0.7057291666666666 0.0078125 0.0078125
0 0.17138671875 0.7115885416666666 0.0087890625 0.01171875
0 0.236328125 0.7786458333333333 0.009765625 0.015625
0 0.20703125 0.7747395833333333 0.005859375 0.0078125
0 0.17626953125 0.763671875 0.0048828125 0.01171875
