0 0.52001953125 0.410688140556369 0.0439453125 0.05710102489019034
0 0.232421875 0.17972181551976574 0.041015625 0.03733528550512445
0 0.20654296875 0.11530014641288433 0.0400390625 0.04465592972181552
0 0.2099609375 0.05087847730600293 0.029296875 0.022693997071742314
0 0.3818359375 0.12884333821376281 0.046875 0.0424597364568082
0 0.4111328125 0.19106881405563692 0.04296875 0.029282576866764276
0 0.51025390625 0.12481698389458273 0.0498046875 0.03733528550512445
0 0.1181640625 0.16178623718887264 0.041015625 0.043923865300146414
0 0.0498046875 0.1123718887262079 0.02734375 0.02855051244509517
0 0.548828125 0.2342606149341142 0.095703125 0.09224011713030747
0 0.73828125 0.22693997071742314 0.041015625 0.03953147877013177
0 0.85546875 0.23316251830161056 0.04296875 0.038799414348462666
0 0.9609375 0.3052708638360176 0.044921875 0.04978038067349927
