0 0.23974609375 0.21379781420765026 0.0361328125 0.06693989071038252
0 0.3701171875 0.23702185792349728 0.037109375 0.06420765027322405
0 0.49609375 0.2226775956284153 0.037109375 0.07103825136612021
0 0.63134765625 0.20491803278688525 0.0322265625 0.060109289617486336
0 0.73486328125 0.20833333333333334 0.0380859375 0.06967213114754098
0 0.2158203125 0.47062841530054644 0.041015625 0.07240437158469945
0 0.298828125 0.46994535519125685 0.03515625 0.07103825136612021
0 0.43212890625 0.4808743169398907 0.0361328125 0.06557377049180328
0 0.552734375 0.47472677595628415 0.03515625 0.05874316939890711
0 0.6650390625 0.48633879781420764 0.037109375 0.06557377049180328
0 0.76513671875 0.5095628415300546 0.0380859375 0.060109289617486336
