0 0.1162109375 0.24687065368567454 0.044921875 0.0737134909596662
0 0.205078125 0.1564673157162726 0.0390625 0.06536856745479833
0 0.32861328125 0.14255910987482615 0.0439453125 0.07649513212795549
0 0.4443359375 0.15229485396383866 0.044921875 0.0737134909596662
0 0.56005859375 0.1321279554937413 0.0458984375 0.07232267037552155
0 0.693359375 0.10222531293463143 0.044921875 0.06815020862308761
0 0.7529296875 0.18011126564673155 0.046875 0.07927677329624479
0 0.84228515625 0.12378303198887343 0.0458984375 0.06397774687065368
0 0.87646484375 0.19193324061196104 0.0458984375 0.08623087621696801
0 0.63232421875 0.22183588317107092 0.0419921875 0.07093184979137691
0 0.49609375 0.23157162726008343 0.048828125 0.07649513212795549
0 0.37158203125 0.24617524339360222 0.0478515625 0.07232267037552155
0 0.23095703125 0.2308762169680111 0.0439453125 0.07510431154381085
0 0.1259765625 0.4325452016689847 0.046875 0.08066759388038942
0 0.2685546875 0.43115438108484005 0.046875 0.08066759388038942
0 0.3994140625 0.4478442280945758 0.048828125 0.08066759388038942
0 0.53466796875 0.4283727399165507 0.0498046875 0.08066759388038942
0 0.673828125 0.4283727399165507 0.056640625 0.07510431154381085
0 0.81396484375 0.42002781641168285 0.0478515625 0.07788595271210014
0 0.16015625 0.6036161335187761 0.05078125 0.09179415855354658
0 0.3486328125 0.60778859527121 0.05078125 0.08344923504867871
0 0.53857421875 0.5841446453407511 0.0576171875 0.08344923504867871
0 0.76953125 0.5716272600834492 0.052734375 0.08344923504867871
