0 0.12255859375 0.2387780548628429 0.0283203125 0.046134663341645885
0 0.19189453125 0.2549875311720698 0.0263671875 0.046134663341645885
0 0.06689453125 0.3809226932668329 0.0283203125 0.05112219451371571
0 0.1357421875 0.3809226932668329 0.025390625 0.046134663341645885
0 0.09130859375 0.48566084788029923 0.0263671875 0.05112219451371571
0 0.09326171875 0.600997506234414 0.0283203125 0.04987531172069826
0 0.17333984375 0.6084788029925187 0.0283203125 0.04987531172069826
0 0.24658203125 0.2549875311720698 0.0244140625 0.046134663341645885
0 0.28759765625 0.256857855361596 0.0283203125 0.04488778054862843
0 0.32568359375 0.25810473815461343 0.0283203125 0.04738154613466334
0 0.21435546875 0.3790523690773067 0.0302734375 0.04488778054862843
0 0.294921875 0.371571072319202 0.03125 0.04488778054862843
0 0.361328125 0.3759351620947631 0.02734375 0.043640897755610975
0 0.1787109375 0.49688279301745636 0.03125 0.048628428927680795
0 0.25927734375 0.4918952618453865 0.0302734375 0.046134663341645885
0 0.2607421875 0.60785536159601 0.02734375 0.046134663341645885
0 0.38134765625 0.26059850374064836 0.0263671875 0.03740648379052369
0 0.44287109375 0.2612219451371571 0.0283203125 0.046134663341645885
0 0.51953125 0.263715710723192 0.025390625 0.043640897755610975
0 0.41162109375 0.3778054862842893 0.0244140625 0.04239401496259351
0 0.466796875 0.38341645885286785 0.02734375 0.05112219451371571
0 0.521484375 0.38216957605985036 0.02734375 0.046134663341645885
0 0.34716796875 0.49563591022443887 0.0283203125 0.05112219451371571
0 0.42431640625 0.4987531172069825 0.0263671875 0.04239401496259351
0 0.49365234375 0.49688279301745636 0.0263671875 0.05112219451371571
0 0.341796875 0.6153366583541147 0.02734375 0.05112219451371571
0 0.416015625 0.614713216957606 0.029296875 0.04987531172069826
0 0.4931640625 0.6240648379052369 0.029296875 0.05112219451371571
0 0.587890625 0.26745635910224436 0.0234375 0.048628428927680795
0 0.65185546875 0.26683291770573564 0.0224609375 0.04488778054862843
0 0.58544921875 0.378428927680798 0.0244140625 0.048628428927680795
0 0.67138671875 0.3877805486284289 0.0263671875 0.04488778054862843
0 0.72314453125 0.2811720698254364 0.0283203125 0.046134663341645885
0 0.79345703125 0.2730673316708229 0.0244140625 0.04488778054862843
0 0.87158203125 0.26683291770573564 0.0244140625 0.04738154613466334
0 0.74462890625 0.39089775561097256 0.0283203125 0.046134663341645885
0 0.8310546875 0.3859102244389027 0.025390625 0.048628428927680795
0 0.9033203125 0.40461346633416456 0.029296875 0.043640897755610975
0 0.72021484375 0.48815461346633415 0.0283203125 0.048628428927680795
0 0.80712890625 0.49501246882793015 0.0283203125 0.04738154613466334
0 0.892578125 0.5168329177057357 0.029296875 0.043640897755610975
0 0.9423828125 0.5168329177057357 0.029296875 0.043640897755610975
0 0.56494140625 0.49625935162094764 0.0263671875 0.04488778054862843
0 0.64501953125 0.49501246882793015 0.0283203125 0.04987531172069826
0 0.5693359375 0.6134663341645885 0.029296875 0.04738154613466334
0 0.65869140625 0.6091022443890274 0.0283203125 0.046134663341645885
0 0.74365234375 0.6140897755610972 0.0283203125 0.048628428927680795
0 0.837890625 0.6408977556109725 0.02734375 0.04987531172069826
