0 0.25 0.2699652777777778 0.01171875 0.03298611111111111
0 0.3603515625 0.36197916666666663 0.025390625 0.06076388888888889
0 0.46923828125 0.5112847222222222 0.0322265625 0.07118055555555555
0 0.65576171875 0.30902777777777773 0.0458984375 0.0798611111111111
0 0.3427734375 0.38715277777777773 0.029296875 0.06597222222222222
0 0.4208984375 0.5086805555555556 0.021484375 0.0798611111111111
0 0.85791015625 0.3802083333333333 0.0400390625 0.12152777777777778
0 0.5107421875 0.28559027777777773 0.017578125 0.03645833333333333
0 0.39306640625 0.48871527777777773 0.0283203125 0.08506944444444443
0 0.02392578125 0.23697916666666666 0.0087890625 0.022569444444444444
