0 0.478515625 0.3345959595959596 0.01171875 0.025252525252525256
0 0.37548828125 0.26641414141414144 0.0087890625 0.015151515151515152
0 0.37939453125 0.2948232323232324 0.0126953125 0.021464646464646468
0 0.41455078125 0.2550505050505051 0.0087890625 0.015151515151515152
0 0.44873046875 0.3339646464646465 0.0126953125 0.01893939393939394
0 0.47265625 0.26830808080808083 0.0078125 0.011363636363636364
0 0.4443359375 0.29040404040404044 0.009765625 0.015151515151515152
0 0.5673828125 0.29292929292929293 0.009765625 0.01767676767676768
0 0.53369140625 0.2859848484848485 0.0068359375 0.011363636363636364
0 0.5927734375 0.29292929292929293 0.0078125 0.015151515151515152
0 0.51416015625 0.2550505050505051 0.0087890625 0.012626262626262628
0 0.8818359375 0.4185606060606061 0.0078125 0.01388888888888889
0 0.5732421875 0.32323232323232326 0.009765625 0.020202020202020204
0 0.607421875 0.2809343434343435 0.01171875 0.01893939393939394
0 0.568359375 0.27335858585858586 0.0078125 0.011363636363636364
0 0.5703125 0.3781565656565657 0.013671875 0.04166666666666667
