0 0.453125 0.1841726618705036 0.05859375 0.12086330935251799
0 0.5400390625 0.26618705035971224 0.044921875 0.06618705035971223
0 0.65185546875 0.26906474820143883 0.0302734375 0.060431654676258995
0 0.6953125 0.2446043165467626 0.03515625 0.060431654676258995
0 0.74462890625 0.26187050359712233 0.0205078125 0.040287769784172665
0 0.912109375 0.24028776978417266 0.015625 0.025899280575539568
0 0.83984375 0.28489208633093527 0.0703125 0.1237410071942446
0 0.947265625 0.21223021582733814 0.0234375 0.03884892086330936
0 0.10205078125 0.3906474820143885 0.0966796875 0.24604316546762592
0 0.26806640625 0.3294964028776978 0.0654296875 0.12949640287769784
