0 0.4853515625 0.5580029368575624 0.0078125 0.014684287812041116
0 0.37841796875 0.5572687224669604 0.0048828125 0.007342143906020558
0 0.1103515625 0.5044052863436123 0.0078125 0.013215859030837003
0 0.46142578125 0.5719530102790015 0.0048828125 0.007342143906020558
0 0.17236328125 0.4287812041116006 0.0302734375 0.049926578560939794
0 0.251953125 0.48678414096916295 0.017578125 0.03083700440528634
0 0.216796875 0.5279001468428781 0.009765625 0.016152716593245228
0 0.29736328125 0.5073421439060205 0.0126953125 0.02202643171806167
0 0.7236328125 0.4045521292217327 0.0390625 0.07488986784140969
0 0.63671875 0.49265785609397944 0.0234375 0.04845814977973568
0 0.548828125 0.5308370044052864 0.015625 0.02202643171806167
0 0.9775390625 0.6174743024963288 0.021484375 0.033773861967694566
0 0.88427734375 0.5425844346549192 0.0166015625 0.03083700440528634
0 0.947265625 0.5609397944199705 0.013671875 0.023494860499265784
0 0.900390625 0.552863436123348 0.01171875 0.02202643171806167
0 0.0654296875 0.4977973568281938 0.01171875 0.023494860499265784
0 0.0400390625 0.48237885462555063 0.013671875 0.02202643171806167
0 0.583984375 0.5594713656387665 0.009765625 0.017621145374449337
0 0.50927734375 0.5638766519823788 0.0087890625 0.017621145374449337
0 0.56982421875 0.5697503671071953 0.0068359375 0.014684287812041116
0 0.36181640625 0.5440528634361234 0.0087890625 0.016152716593245228
0 0.32763671875 0.5359765051395007 0.0126953125 0.020558002936857563
