0 0.70556640625 0.7373887240356083 0.0908203125 0.18100890207715134
0 0.431640625 0.1951038575667656 0.08984375 0.14391691394658754
0 0.2421875 0.08382789317507419 0.0625 0.10534124629080119
0 0.0771484375 0.09718100890207715 0.08203125 0.12908011869436203
0 0.619140625 0.7010385756676558 0.078125 0.11721068249258161
0 0.55615234375 0.5756676557863502 0.0537109375 0.10682492581602374
0 0.384765625 0.5037091988130564 0.029296875 0.05489614243323442
0 0.61376953125 0.6172106824925816 0.0322265625 0.08011869436201781
0 0.84814453125 0.7099406528189911 0.0791015625 0.15578635014836795
0 0.9892578125 0.6565281899109793 0.0234375 0.14391691394658754
