0 0.544921875 0.47916666666666663 0.013671875 0.03125
0 0.5 0.4485677083333333 0.017578125 0.029947916666666664
0 0.5625 0.4622395833333333 0.015625 0.033854166666666664
0 0.69921875 0.5123697916666666 0.037109375 0.06380208333333333
0 0.6923828125 0.4466145833333333 0.013671875 0.020833333333333332
0 0.96630859375 0.6653645833333333 0.0673828125 0.13020833333333331
0 0.849609375 0.5305989583333333 0.041015625 0.053385416666666664
0 0.79052734375 0.509765625 0.0244140625 0.03515625
0 0.4208984375 0.6673177083333333 0.072265625 0.11588541666666666
0 0.28955078125 0.5475260416666666 0.0380859375 0.053385416666666664
0 0.251953125 0.4680989583333333 0.01953125 0.037760416666666664
0 0.10791015625 0.5846354166666666 0.0947265625 0.12239583333333333
0 0.3837890625 0.4954427083333333 0.015625 0.03515625
