0 0.8017578125 0.158 0.037109375 0.029142857142857144
0 0.63330078125 0.14485714285714288 0.0302734375 0.021142857142857144
0 0.94775390625 0.12257142857142858 0.0341796875 0.02
0 0.96630859375 0.27685714285714286 0.0458984375 0.03371428571428572
0 0.9169921875 0.2622857142857143 0.046875 0.03085714285714286
0 0.83837890625 0.25 0.0498046875 0.037142857142857144
0 0.72607421875 0.24657142857142858 0.0556640625 0.03485714285714286
0 0.63037109375 0.21257142857142858 0.0380859375 0.03085714285714286
0 0.2197265625 0.15914285714285714 0.03515625 0.025714285714285717
0 0.18896484375 0.164 0.0302734375 0.024
0 0.990234375 0.2385714285714286 0.021484375 0.029142857142857144
0 0.01025390625 0.14971428571428572 0.0205078125 0.020571428571428574
0 0.00634765625 0.20342857142857143 0.0126953125 0.028571428571428574
0 0.36376953125 0.094 0.0322265625 0.024571428571428574
0 0.2529296875 0.23285714285714287 0.06640625 0.04171428571428572
0 0.10986328125 0.21800000000000003 0.0302734375 0.025714285714285717
