0 0.0478515625 0.3118489583333333 0.037109375 0.07682291666666666
0 0.19384765625 0.2903645833333333 0.0419921875 0.09375
0 0.21826171875 0.353515625 0.0205078125 0.03255208333333333
0 0.25732421875 0.3489583333333333 0.0185546875 0.028645833333333332
0 0.34375 0.3125 0.037109375 0.057291666666666664
0 0.40576171875 0.3203125 0.0185546875 0.028645833333333332
0 0.474609375 0.3359375 0.04296875 0.0703125
0 0.5859375 0.298828125 0.0390625 0.05859375
0 0.6923828125 0.30924479166666663 0.01953125 0.02734375
0 0.7255859375 0.251953125 0.048828125 0.10026041666666666
0 0.97802734375 0.23893229166666666 0.0439453125 0.07942708333333333
0 0.53564453125 0.3098958333333333 0.0185546875 0.033854166666666664
