0 0.9130859375 0.24348958333333331 0.083984375 0.12239583333333333
0 0.82275390625 0.322265625 0.0654296875 0.09765625
0 0.7763671875 0.353515625 0.046875 0.09244791666666666
0 0.62548828125 0.40690104166666663 0.0576171875 0.09244791666666666
0 0.44140625 0.439453125 0.052734375 0.08463541666666666
0 0.34130859375 0.4921875 0.0517578125 0.07291666666666666
0 0.29638671875 0.4680989583333333 0.0341796875 0.06380208333333333
0 0.19873046875 0.5045572916666666 0.0341796875 0.04817708333333333
0 0.25048828125 0.5234375 0.0322265625 0.05989583333333333
0 0.119140625 0.5325520833333333 0.037109375 0.0546875
0 0.06640625 0.5872395833333333 0.02734375 0.0390625
0 0.16259765625 0.5618489583333333 0.0224609375 0.037760416666666664
0 0.0302734375 0.5442708333333333 0.01171875 0.026041666666666664
