0 0.88134765625 0.11097256857855362 0.0517578125 0.09226932668329177
0 0.66748046875 0.11471321695760599 0.0615234375 0.10224438902743142
0 0.39599609375 0.11596009975062344 0.0634765625 0.09975062344139651
0 0.5283203125 0.18703241895261846 0.037109375 0.057356608478802994
0 0.29248046875 0.18079800498753118 0.0361328125 0.057356608478802994
0 0.16064453125 0.11845386533665835 0.0595703125 0.09975062344139651
0 0.23583984375 0.18703241895261846 0.0244140625 0.0399002493765586
0 0.353515625 0.19139650872817954 0.015625 0.031172069825436407
0 0.3359375 0.19201995012468828 0.015625 0.02743142144638404
0 0.79296875 0.2013715710723192 0.009765625 0.016209476309226933
0 0.97900390625 0.2256857855361596 0.0068359375 0.014962593516209476
0 0.99169921875 0.22194513715710723 0.0068359375 0.012468827930174564
0 0.96337890625 0.22630922693266833 0.0087890625 0.01371571072319202
0 0.55859375 0.1433915211970075 0.015625 0.02743142144638404
