0 0.5107421875 0.22756005056890014 0.08203125 0.056890012642225034
0 0.27099609375 0.43046776232616946 0.0400390625 0.035398230088495575
0 0.35205078125 0.45512010113780027 0.0380859375 0.034134007585335024
0 0.11181640625 0.3751580278128951 0.0380859375 0.025916561314791406
0 0.11474609375 0.34323640960809104 0.0263671875 0.022756005056890016
0 0.02734375 0.3606194690265487 0.033203125 0.02465233881163085
0 0.0693359375 0.41276864728192164 0.041015625 0.034134007585335024
0 0.259765625 0.3969658659924147 0.03515625 0.02781289506953224
0 0.67578125 0.4487989886219975 0.04296875 0.03286978508217447
0 0.8125 0.41908975979772445 0.037109375 0.02781289506953224
0 0.91748046875 0.42225031605562585 0.0419921875 0.03160556257901391
0 0.79833984375 0.3558786346396966 0.0302734375 0.025284450063211127
0 0.67529296875 0.40865992414664987 0.0380859375 0.029709228824273074
0 0.66748046875 0.35714285714285715 0.0283203125 0.02402022756005057
0 0.98291015625 0.4010745891276865 0.0263671875 0.02338811630847029
0 0.94921875 0.36346396965865996 0.0234375 0.02149178255372946
0 0.10693359375 0.43868520859671306 0.0283203125 0.03160556257901391
0 0.57470703125 0.2983565107458913 0.0244140625 0.026548672566371685
