0 0.84326171875 0.322463768115942 0.0869140625 0.2826086956521739
0 0.51416015625 0.13285024154589373 0.0283203125 0.08695652173913043
0 0.544921875 0.107487922705314 0.017578125 0.05072463768115942
0 0.4560546875 0.1473429951690821 0.01953125 0.05797101449275362
0 0.25830078125 0.059178743961352656 0.0302734375 0.0893719806763285
0 0.318359375 0.09420289855072464 0.0234375 0.08695652173913043
0 0.30517578125 0.10628019323671498 0.0224609375 0.0966183574879227
0 0.40625 0.20531400966183574 0.02734375 0.08695652173913043
0 0.18212890625 0.13043478260869565 0.0146484375 0.043478260869565216
0 0.09375 0.13043478260869565 0.033203125 0.09178743961352656
