0 0.923828125 0.3165467625899281 0.052734375 0.08920863309352518
0 0.86083984375 0.2561151079136691 0.0458984375 0.08920863309352518
0 0.79150390625 0.1474820143884892 0.0498046875 0.10215827338129496
0 0.66162109375 0.06906474820143885 0.0517578125 0.09784172661870504
0 0.52685546875 0.27410071942446046 0.0478515625 0.09640287769784173
0 0.4541015625 0.1841726618705036 0.0546875 0.09496402877697842
0 0.3720703125 0.16402877697841728 0.0546875 0.09496402877697842
0 0.31591796875 0.1 0.0419921875 0.09928057553956834
0 0.3125 0.045323741007194246 0.044921875 0.08489208633093526
0 0.1015625 0.3381294964028777 0.046875 0.0920863309352518
0 0.0341796875 0.2669064748201439 0.048828125 0.09928057553956834
0 0.0419921875 0.03956834532374101 0.052734375 0.07625899280575539
0 0.76953125 0.04388489208633094 0.044921875 0.08776978417266187
