0 0.57470703125 0.4960835509138381 0.0517578125 0.09660574412532637
0 0.31396484375 0.6116187989556136 0.0498046875 0.08746736292428199
0 0.4375 0.4471279373368146 0.046875 0.09007832898172324
0 0.58642578125 0.35704960835509136 0.0439453125 0.07441253263707572
0 0.50927734375 0.39099216710182766 0.0380859375 0.07441253263707572
0 0.39453125 0.37010443864229764 0.041015625 0.0587467362924282
0 0.2978515625 0.37532637075718017 0.04296875 0.0639686684073107
0 0.373046875 0.4784595300261097 0.046875 0.08224543080939947
0 0.2529296875 0.42297650130548303 0.05078125 0.0783289817232376
0 0.8046875 0.5267624020887729 0.056640625 0.10835509138381201
