0 0.02587890625 0.2862371888726208 0.0517578125 0.12445095168374817
0 0.3857421875 0.36456808199121526 0.103515625 0.17862371888726208
0 0.67822265625 0.28550512445095166 0.0732421875 0.1581259150805271
0 0.83349609375 0.4363103953147877 0.1279296875 0.23133235724743778
0 0.517578125 0.39385065885797954 0.03125 0.06734992679355783
0 0.61669921875 0.3418740849194729 0.0185546875 0.09809663250366032
0 0.4755859375 0.3711566617862372 0.017578125 0.05417276720351391
0 0.45263671875 0.2986822840409956 0.0146484375 0.029282576866764276
0 0.453125 0.38872620790629575 0.01953125 0.0424597364568082
0 0.59423828125 0.38872620790629575 0.0302734375 0.0629575402635432
0 0.28369140625 0.2759882869692533 0.0693359375 0.20937042459736457
