0 0.5361328125 0.5019582245430809 0.044921875 0.07702349869451697
0 0.669921875 0.5365535248041775 0.005859375 0.013054830287206266
0 0.60986328125 0.5345953002610966 0.0068359375 0.01174934725848564
0 0.7431640625 0.5306788511749347 0.013671875 0.02741514360313316
0 0.81201171875 0.5430809399477807 0.0126953125 0.02349869451697128
0 0.9482421875 0.5731070496083551 0.01171875 0.02349869451697128
0 0.013671875 0.5071801566579635 0.015625 0.03524804177545692
0 0.05126953125 0.45626631853785904 0.0146484375 0.024804177545691905
0 0.1123046875 0.5052219321148825 0.01953125 0.033942558746736295
0 0.34326171875 0.5058746736292429 0.0048828125 0.009138381201044387
0 0.6953125 0.529373368146214 0.005859375 0.01174934725848564
0 0.80322265625 0.5535248041775457 0.0107421875 0.018276762402088774
0 0.57080078125 0.5411227154046997 0.0107421875 0.01174934725848564
