0 0.4892578125 0.5077369439071566 0.271484375 0.7562862669245648
0 0.166015625 0.3056092843326886 0.04296875 0.09671179883945842
0 0.0908203125 0.2852998065764023 0.0234375 0.06382978723404255
0 0.03564453125 0.21179883945841393 0.0263671875 0.06382978723404255
0 0.06396484375 0.17117988394584138 0.0185546875 0.05222437137330754
0 0.23828125 0.18568665377176016 0.03515625 0.0735009671179884
0 0.013671875 0.23017408123791103 0.013671875 0.06576402321083172
0 0.15625 0.06963249516441006 0.017578125 0.0425531914893617
0 0.68701171875 0.20309477756286268 0.1650390625 0.37524177949709864
0 0.88623046875 0.36847195357833656 0.0166015625 0.0367504835589942
0 0.90087890625 0.43133462282398455 0.0224609375 0.04642166344294004
0 0.93896484375 0.4458413926499033 0.0341796875 0.07156673114119923
0 0.93603515625 0.27079303675048355 0.0166015625 0.04642166344294004
0 0.97705078125 0.27949709864603484 0.0166015625 0.0367504835589942
0 0.77197265625 0.34332688588007737 0.0166015625 0.029013539651837523
