0 0.060546875 0.2919207317073171 0.046875 0.11128048780487805
0 0.15380859375 0.23246951219512196 0.0537109375 0.12652439024390244
0 0.22705078125 0.26753048780487804 0.0712890625 0.15701219512195122
0 0.35498046875 0.1638719512195122 0.0693359375 0.15396341463414634
0 0.44140625 0.1676829268292683 0.076171875 0.16463414634146342
0 0.5361328125 0.1951219512195122 0.08984375 0.18292682926829268
0 0.609375 0.1875 0.044921875 0.08841463414634147
0 0.67431640625 0.17759146341463417 0.0439453125 0.1051829268292683
0 0.76708984375 0.2545731707317073 0.0556640625 0.12195121951219512
0 0.83056640625 0.26448170731707316 0.0849609375 0.16615853658536586
0 0.984375 0.2606707317073171 0.033203125 0.14939024390243902
0 0.80517578125 0.24085365853658539 0.0771484375 0.15548780487804878
